date,stock_id,buy,name,sell
2024-04-24,1802,695000,Foreign_Investor,194000
2024-04-24,1802,0,Foreign_Dealer_Self,0
2024-04-24,1802,0,Investment_Trust,0
2024-04-24,1802,126000,Dealer_self,10488
2024-04-24,1802,47000,Dealer_Hedging,0
2024-04-25,1802,974000,Foreign_Investor,989000
2024-04-25,1802,0,Foreign_Dealer_Self,0
2024-04-25,1802,0,Investment_Trust,14095
2024-04-25,1802,1000,Dealer_self,267
2024-04-25,1802,0,Dealer_Hedging,1540
2024-04-26,1802,765000,Foreign_Investor,393000
2024-04-26,1802,0,Foreign_Dealer_Self,0
2024-04-26,1802,0,Investment_Trust,0
2024-04-26,1802,30000,Dealer_self,31003
2024-04-26,1802,0,Dealer_Hedging,0
2024-04-29,1802,2840000,Foreign_Investor,448000
2024-04-29,1802,0,Foreign_Dealer_Self,0
2024-04-29,1802,0,Investment_Trust,0
2024-04-29,1802,61000,Dealer_self,2565
2024-04-29,1802,4000,Dealer_Hedging,0
2024-04-30,1802,437000,Foreign_Investor,815000
2024-04-30,1802,0,Foreign_Dealer_Self,0
2024-04-30,1802,0,Investment_Trust,14093
2024-04-30,1802,39000,Dealer_self,25412
2024-04-30,1802,1000,Dealer_Hedging,0
2024-05-02,1802,353000,Foreign_Investor,515000
2024-05-02,1802,0,Foreign_Dealer_Self,0
2024-05-02,1802,0,Investment_Trust,0
2024-05-02,1802,26000,Dealer_self,2228
2024-05-02,1802,0,Dealer_Hedging,0
2024-05-03,1802,875000,Foreign_Investor,710000
2024-05-03,1802,0,Foreign_Dealer_Self,0
2024-05-03,1802,0,Investment_Trust,0
2024-05-03,1802,17000,Dealer_self,1344
2024-05-03,1802,0,Dealer_Hedging,27000
2024-05-06,1802,1169000,Foreign_Investor,645000
2024-05-06,1802,0,Foreign_Dealer_Self,0
2024-05-06,1802,0,Investment_Trust,0
2024-05-06,1802,14000,Dealer_self,2000
2024-05-06,1802,1000,Dealer_Hedging,12000
2024-05-07,1802,239000,Foreign_Investor,729000
2024-05-07,1802,0,Foreign_Dealer_Self,0
2024-05-07,1802,0,Investment_Trust,0
2024-05-07,1802,18000,Dealer_self,6
2024-05-07,1802,3000,Dealer_Hedging,2000
2024-05-08,1802,96000,Foreign_Investor,408000
2024-05-08,1802,0,Foreign_Dealer_Self,0
2024-05-08,1802,0,Investment_Trust,0
2024-05-08,1802,0,Dealer_self,2000
2024-05-08,1802,0,Dealer_Hedging,0
2024-05-09,1802,343000,Foreign_Investor,144000
2024-05-09,1802,0,Foreign_Dealer_Self,0
2024-05-09,1802,0,Investment_Trust,0
2024-05-09,1802,42000,Dealer_self,19000
2024-05-09,1802,0,Dealer_Hedging,12457
2024-05-10,1802,1022000,Foreign_Investor,249000
2024-05-10,1802,0,Foreign_Dealer_Self,0
2024-05-10,1802,0,Investment_Trust,0
2024-05-10,1802,14000,Dealer_self,0
2024-05-10,1802,10000,Dealer_Hedging,40000
2024-05-13,1802,299000,Foreign_Investor,262000
2024-05-13,1802,0,Foreign_Dealer_Self,0
2024-05-13,1802,0,Investment_Trust,0
2024-05-13,1802,16000,Dealer_self,12000
2024-05-13,1802,1000,Dealer_Hedging,7000
2024-05-14,1802,1150000,Foreign_Investor,437000
2024-05-14,1802,0,Foreign_Dealer_Self,0
2024-05-14,1802,0,Investment_Trust,0
2024-05-14,1802,1000,Dealer_self,32995
2024-05-14,1802,0,Dealer_Hedging,1000
2024-05-15,1802,1655000,Foreign_Investor,785000
2024-05-15,1802,0,Foreign_Dealer_Self,0
2024-05-15,1802,0,Investment_Trust,0
2024-05-15,1802,243000,Dealer_self,139000
2024-05-15,1802,0,Dealer_Hedging,20000
2024-05-16,1802,1703000,Foreign_Investor,393000
2024-05-16,1802,0,Foreign_Dealer_Self,0
2024-05-16,1802,0,Investment_Trust,0
2024-05-16,1802,58000,Dealer_self,224000
2024-05-16,1802,0,Dealer_Hedging,196000
2024-05-17,1802,391000,Foreign_Investor,133990
2024-05-17,1802,0,Foreign_Dealer_Self,0
2024-05-17,1802,0,Investment_Trust,0
2024-05-17,1802,21000,Dealer_self,161000
2024-05-17,1802,0,Dealer_Hedging,0
2024-05-20,1802,1652000,Foreign_Investor,245000
2024-05-20,1802,0,Foreign_Dealer_Self,0
2024-05-20,1802,0,Investment_Trust,0
2024-05-20,1802,86000,Dealer_self,28402
2024-05-20,1802,3000,Dealer_Hedging,19000
2024-05-21,1802,387000,Foreign_Investor,2894213
2024-05-21,1802,0,Foreign_Dealer_Self,0
2024-05-21,1802,0,Investment_Trust,0
2024-05-21,1802,6000,Dealer_self,1166
2024-05-21,1802,0,Dealer_Hedging,1000
2024-05-22,1802,362000,Foreign_Investor,290000
2024-05-22,1802,0,Foreign_Dealer_Self,0
2024-05-22,1802,0,Investment_Trust,0
2024-05-22,1802,6000,Dealer_self,20
2024-05-22,1802,0,Dealer_Hedging,1000
2024-05-23,1802,2351000,Foreign_Investor,6885000
2024-05-23,1802,0,Foreign_Dealer_Self,0
2024-05-23,1802,0,Investment_Trust,0
2024-05-23,1802,520000,Dealer_self,147314
2024-05-23,1802,15000,Dealer_Hedging,69220
2024-05-24,1802,385000,Foreign_Investor,2894000
2024-05-24,1802,0,Foreign_Dealer_Self,0
2024-05-24,1802,0,Investment_Trust,0
2024-05-24,1802,37000,Dealer_self,49226
2024-05-24,1802,25000,Dealer_Hedging,1015
2024-05-27,1802,534000,Foreign_Investor,1164000
2024-05-27,1802,0,Foreign_Dealer_Self,0
2024-05-27,1802,0,Investment_Trust,0
2024-05-27,1802,26000,Dealer_self,33200
2024-05-27,1802,31000,Dealer_Hedging,472
2024-05-28,1802,3125000,Foreign_Investor,1155000
2024-05-28,1802,0,Foreign_Dealer_Self,0
2024-05-28,1802,0,Investment_Trust,0
2024-05-28,1802,34000,Dealer_self,6000
2024-05-28,1802,77000,Dealer_Hedging,0
2024-05-29,1802,2512000,Foreign_Investor,4064000
2024-05-29,1802,0,Foreign_Dealer_Self,0
2024-05-29,1802,0,Investment_Trust,0
2024-05-29,1802,136000,Dealer_self,37000
2024-05-29,1802,18000,Dealer_Hedging,90
2024-05-30,1802,1919000,Foreign_Investor,3593000
2024-05-30,1802,0,Foreign_Dealer_Self,0
2024-05-30,1802,0,Investment_Trust,0
2024-05-30,1802,88000,Dealer_self,78001
2024-05-30,1802,91000,Dealer_Hedging,376
2024-05-31,1802,4382000,Foreign_Investor,4781197
2024-05-31,1802,0,Foreign_Dealer_Self,0
2024-05-31,1802,0,Investment_Trust,0
2024-05-31,1802,336779,Dealer_self,3000
2024-05-31,1802,167000,Dealer_Hedging,9000
2024-06-03,1802,6113000,Foreign_Investor,4601200
2024-06-03,1802,0,Foreign_Dealer_Self,0
2024-06-03,1802,56391,Investment_Trust,0
2024-06-03,1802,1202000,Dealer_self,472000
2024-06-03,1802,219115,Dealer_Hedging,67000
2024-06-04,1802,5503017,Foreign_Investor,13497000
2024-06-04,1802,0,Foreign_Dealer_Self,0
2024-06-04,1802,140970,Investment_Trust,0
2024-06-04,1802,889143,Dealer_self,259000
2024-06-04,1802,4000,Dealer_Hedging,104000
2024-06-05,1802,4611000,Foreign_Investor,6152000
2024-06-05,1802,0,Foreign_Dealer_Self,0
2024-06-05,1802,56440,Investment_Trust,0
2024-06-05,1802,207578,Dealer_self,1311000
2024-06-05,1802,37000,Dealer_Hedging,10000
2024-06-06,1802,3886000,Foreign_Investor,3508000
2024-06-06,1802,0,Foreign_Dealer_Self,0
2024-06-06,1802,112887,Investment_Trust,0
2024-06-06,1802,150830,Dealer_self,180000
2024-06-06,1802,4000,Dealer_Hedging,9000
2024-06-07,1802,6741000,Foreign_Investor,4616000
2024-06-07,1802,0,Foreign_Dealer_Self,0
2024-06-07,1802,0,Investment_Trust,0
2024-06-07,1802,432630,Dealer_self,274000
2024-06-07,1802,230000,Dealer_Hedging,24000
2024-06-11,1802,3036000,Foreign_Investor,5672000
2024-06-11,1802,0,Foreign_Dealer_Self,0
2024-06-11,1802,324573,Investment_Trust,0
2024-06-11,1802,206019,Dealer_self,220078
2024-06-11,1802,0,Dealer_Hedging,85000
2024-06-12,1802,3378000,Foreign_Investor,2950000
2024-06-12,1802,0,Foreign_Dealer_Self,0
2024-06-12,1802,0,Investment_Trust,0
2024-06-12,1802,35000,Dealer_self,366855
2024-06-12,1802,53000,Dealer_Hedging,1000
2024-06-13,1802,1376000,Foreign_Investor,4947000
2024-06-13,1802,0,Foreign_Dealer_Self,0
2024-06-13,1802,0,Investment_Trust,0
2024-06-13,1802,222000,Dealer_self,128692
2024-06-13,1802,29000,Dealer_Hedging,1000
2024-06-14,1802,6667000,Foreign_Investor,4739000
2024-06-14,1802,0,Foreign_Dealer_Self,0
2024-06-14,1802,0,Investment_Trust,0
2024-06-14,1802,300131,Dealer_self,45312
2024-06-14,1802,183000,Dealer_Hedging,0
2024-06-17,1802,13507050,Foreign_Investor,8699000
2024-06-17,1802,0,Foreign_Dealer_Self,0
2024-06-17,1802,850000,Investment_Trust,0
2024-06-17,1802,719584,Dealer_self,112000
2024-06-17,1802,487810,Dealer_Hedging,1000
2024-06-18,1802,7988000,Foreign_Investor,16604000
2024-06-18,1802,0,Foreign_Dealer_Self,0
2024-06-18,1802,711699,Investment_Trust,0
2024-06-18,1802,389994,Dealer_self,470763
2024-06-18,1802,134000,Dealer_Hedging,51000
2024-06-19,1802,6804000,Foreign_Investor,8168100
2024-06-19,1802,0,Foreign_Dealer_Self,0
2024-06-19,1802,0,Investment_Trust,56454
2024-06-19,1802,855000,Dealer_self,236412
2024-06-19,1802,452683,Dealer_Hedging,53591
2024-06-20,1802,2977114,Foreign_Investor,4195000
2024-06-20,1802,0,Foreign_Dealer_Self,0
2024-06-20,1802,0,Investment_Trust,0
2024-06-20,1802,347000,Dealer_self,5930
2024-06-20,1802,38000,Dealer_Hedging,109000
2024-06-21,1802,3019251,Foreign_Investor,6634363
2024-06-21,1802,0,Foreign_Dealer_Self,0
2024-06-21,1802,716000,Investment_Trust,0
2024-06-21,1802,162000,Dealer_self,2000
2024-06-21,1802,0,Dealer_Hedging,0
2024-06-24,1802,3561000,Foreign_Investor,1972000
2024-06-24,1802,0,Foreign_Dealer_Self,0
2024-06-24,1802,0,Investment_Trust,0
2024-06-24,1802,3000,Dealer_self,77576
2024-06-24,1802,1000,Dealer_Hedging,48101
2024-06-25,1802,1668921,Foreign_Investor,1361921
2024-06-25,1802,0,Foreign_Dealer_Self,0
2024-06-25,1802,0,Investment_Trust,0
2024-06-25,1802,9068,Dealer_self,15648
2024-06-25,1802,61000,Dealer_Hedging,32142
2024-06-26,1802,771000,Foreign_Investor,3079000
2024-06-26,1802,0,Foreign_Dealer_Self,0
2024-06-26,1802,0,Investment_Trust,0
2024-06-26,1802,123000,Dealer_self,29501
2024-06-26,1802,50000,Dealer_Hedging,0
2024-06-27,1802,3199000,Foreign_Investor,3766000
2024-06-27,1802,0,Foreign_Dealer_Self,0
2024-06-27,1802,1000,Investment_Trust,0
2024-06-27,1802,1068000,Dealer_self,105551
2024-06-27,1802,1000,Dealer_Hedging,12800
2024-06-28,1802,6131000,Foreign_Investor,870695
2024-06-28,1802,0,Foreign_Dealer_Self,0
2024-06-28,1802,0,Investment_Trust,0
2024-06-28,1802,74000,Dealer_self,506000
2024-06-28,1802,2522,Dealer_Hedging,0
2024-07-01,1802,424000,Foreign_Investor,4026000
2024-07-01,1802,0,Foreign_Dealer_Self,0
2024-07-01,1802,0,Investment_Trust,0
2024-07-01,1802,37000,Dealer_self,3660
2024-07-01,1802,12000,Dealer_Hedging,0
2024-07-02,1802,1755000,Foreign_Investor,2512695
2024-07-02,1802,0,Foreign_Dealer_Self,0
2024-07-02,1802,3000,Investment_Trust,0
2024-07-02,1802,2000,Dealer_self,28093
2024-07-02,1802,0,Dealer_Hedging,1165
2024-07-03,1802,3013000,Foreign_Investor,2855000
2024-07-03,1802,0,Foreign_Dealer_Self,0
2024-07-03,1802,0,Investment_Trust,3428983
2024-07-03,1802,85000,Dealer_self,53168
2024-07-03,1802,87000,Dealer_Hedging,32000
2024-07-04,1802,1850000,Foreign_Investor,1237000
2024-07-04,1802,0,Foreign_Dealer_Self,0
2024-07-04,1802,0,Investment_Trust,0
2024-07-04,1802,82000,Dealer_self,730203
2024-07-04,1802,13000,Dealer_Hedging,14000
2024-07-05,1802,6712534,Foreign_Investor,6245000
2024-07-05,1802,0,Foreign_Dealer_Self,0
2024-07-05,1802,0,Investment_Trust,0
2024-07-05,1802,745000,Dealer_self,11663
2024-07-05,1802,426000,Dealer_Hedging,7000
2024-07-08,1802,3254000,Foreign_Investor,5993000
2024-07-08,1802,0,Foreign_Dealer_Self,0
2024-07-08,1802,0,Investment_Trust,0
2024-07-08,1802,78000,Dealer_self,605983
2024-07-08,1802,15000,Dealer_Hedging,0
2024-07-09,1802,851000,Foreign_Investor,3741000
2024-07-09,1802,0,Foreign_Dealer_Self,0
2024-07-09,1802,0,Investment_Trust,0
2024-07-09,1802,24000,Dealer_self,221284
2024-07-09,1802,7000,Dealer_Hedging,23000
2024-07-10,1802,4193115,Foreign_Investor,2531000
2024-07-10,1802,0,Foreign_Dealer_Self,0
2024-07-10,1802,0,Investment_Trust,0
2024-07-10,1802,228000,Dealer_self,54000
2024-07-10,1802,192725,Dealer_Hedging,1000
2024-07-11,1802,3069000,Foreign_Investor,2048000
2024-07-11,1802,0,Foreign_Dealer_Self,0
2024-07-11,1802,0,Investment_Trust,0
2024-07-11,1802,393000,Dealer_self,48000
2024-07-11,1802,200848,Dealer_Hedging,0
2024-07-12,1802,3920000,Foreign_Investor,483000
2024-07-12,1802,0,Foreign_Dealer_Self,0
2024-07-12,1802,0,Investment_Trust,0
2024-07-12,1802,35004,Dealer_self,144000
2024-07-12,1802,44972,Dealer_Hedging,22000
2024-07-15,1802,506000,Foreign_Investor,1913000
2024-07-15,1802,0,Foreign_Dealer_Self,0
2024-07-15,1802,1000,Investment_Trust,0
2024-07-15,1802,9000,Dealer_self,32383
2024-07-15,1802,6000,Dealer_Hedging,0
2024-07-16,1802,1344000,Foreign_Investor,713000
2024-07-16,1802,0,Foreign_Dealer_Self,0
2024-07-16,1802,3000,Investment_Trust,0
2024-07-16,1802,3000,Dealer_self,201000
2024-07-16,1802,5000,Dealer_Hedging,44000
2024-07-17,1802,1994000,Foreign_Investor,431000
2024-07-17,1802,0,Foreign_Dealer_Self,0
2024-07-17,1802,0,Investment_Trust,0
2024-07-17,1802,86000,Dealer_self,1550000
2024-07-17,1802,40000,Dealer_Hedging,0
2024-07-18,1802,2862000,Foreign_Investor,1076000
2024-07-18,1802,0,Foreign_Dealer_Self,0
2024-07-18,1802,9000,Investment_Trust,0
2024-07-18,1802,238000,Dealer_self,2183
2024-07-18,1802,22000,Dealer_Hedging,0
2024-07-19,1802,1493000,Foreign_Investor,6397000
2024-07-19,1802,0,Foreign_Dealer_Self,0
2024-07-19,1802,0,Investment_Trust,0
2024-07-19,1802,40000,Dealer_self,110725
2024-07-19,1802,2000,Dealer_Hedging,176818
2024-07-22,1802,2271000,Foreign_Investor,2295000
2024-07-22,1802,0,Foreign_Dealer_Self,0
2024-07-22,1802,2000,Investment_Trust,550000
2024-07-22,1802,198000,Dealer_self,52029
2024-07-22,1802,20000,Dealer_Hedging,425000
2024-07-23,1802,1717000,Foreign_Investor,611000
2024-07-23,1802,0,Foreign_Dealer_Self,0
2024-07-23,1802,0,Investment_Trust,800000
2024-07-23,1802,5000,Dealer_self,103500
2024-07-23,1802,2000,Dealer_Hedging,13484
2024-07-26,1802,2524000,Foreign_Investor,1365939
2024-07-26,1802,0,Foreign_Dealer_Self,0
2024-07-26,1802,0,Investment_Trust,0
2024-07-26,1802,4000,Dealer_self,169082
2024-07-26,1802,31000,Dealer_Hedging,11841
2024-07-29,1802,1701000,Foreign_Investor,1499000
2024-07-29,1802,0,Foreign_Dealer_Self,0
2024-07-29,1802,3000,Investment_Trust,0
2024-07-29,1802,5000,Dealer_self,233611
2024-07-29,1802,0,Dealer_Hedging,173975
2024-07-30,1802,2004000,Foreign_Investor,1916000
2024-07-30,1802,0,Foreign_Dealer_Self,0
2024-07-30,1802,3000,Investment_Trust,0
2024-07-30,1802,6024,Dealer_self,62738
2024-07-30,1802,17000,Dealer_Hedging,107698
2024-07-31,1802,812000,Foreign_Investor,1022000
2024-07-31,1802,0,Foreign_Dealer_Self,0
2024-07-31,1802,2000,Investment_Trust,0
2024-07-31,1802,0,Dealer_self,660
2024-07-31,1802,17000,Dealer_Hedging,11000
2024-08-01,1802,1649000,Foreign_Investor,599000
2024-08-01,1802,0,Foreign_Dealer_Self,0
2024-08-01,1802,0,Investment_Trust,0
2024-08-01,1802,0,Dealer_self,0
2024-08-01,1802,42000,Dealer_Hedging,8000
2024-08-02,1802,1341000,Foreign_Investor,1301000
2024-08-02,1802,0,Foreign_Dealer_Self,0
2024-08-02,1802,4000,Investment_Trust,0
2024-08-02,1802,2000,Dealer_self,219761
2024-08-02,1802,19000,Dealer_Hedging,152292
2024-08-05,1802,2390000,Foreign_Investor,7521000
2024-08-05,1802,0,Foreign_Dealer_Self,0
2024-08-05,1802,6000,Investment_Trust,0
2024-08-05,1802,64000,Dealer_self,408929
2024-08-05,1802,8000,Dealer_Hedging,636393
2024-08-06,1802,3669000,Foreign_Investor,2853000
2024-08-06,1802,0,Foreign_Dealer_Self,0
2024-08-06,1802,2000,Investment_Trust,0
2024-08-06,1802,190000,Dealer_self,305051
2024-08-06,1802,7000,Dealer_Hedging,599649
2024-08-07,1802,1918000,Foreign_Investor,1326000
2024-08-07,1802,0,Foreign_Dealer_Self,0
2024-08-07,1802,0,Investment_Trust,0
2024-08-07,1802,62233,Dealer_self,48255
2024-08-07,1802,121788,Dealer_Hedging,0
2024-08-08,1802,1343000,Foreign_Investor,1210000
2024-08-08,1802,0,Foreign_Dealer_Self,0
2024-08-08,1802,0,Investment_Trust,0
2024-08-08,1802,19000,Dealer_self,96369
2024-08-08,1802,55000,Dealer_Hedging,26005
2024-08-09,1802,2275000,Foreign_Investor,1392957
2024-08-09,1802,0,Foreign_Dealer_Self,0
2024-08-09,1802,0,Investment_Trust,0
2024-08-09,1802,5000,Dealer_self,175513
2024-08-09,1802,71391,Dealer_Hedging,17000
2024-08-12,1802,1440000,Foreign_Investor,1415000
2024-08-12,1802,0,Foreign_Dealer_Self,0
2024-08-12,1802,0,Investment_Trust,0
2024-08-12,1802,4000,Dealer_self,26100
2024-08-12,1802,51173,Dealer_Hedging,35000
2024-08-13,1802,517000,Foreign_Investor,1382000
2024-08-13,1802,0,Foreign_Dealer_Self,0
2024-08-13,1802,0,Investment_Trust,0
2024-08-13,1802,14000,Dealer_self,25412
2024-08-13,1802,42000,Dealer_Hedging,32000
2024-08-14,1802,2287000,Foreign_Investor,1255000
2024-08-14,1802,0,Foreign_Dealer_Self,0
2024-08-14,1802,0,Investment_Trust,0
2024-08-14,1802,11000,Dealer_self,63975
2024-08-14,1802,10000,Dealer_Hedging,11000
2024-08-15,1802,1094000,Foreign_Investor,1837000
2024-08-15,1802,0,Foreign_Dealer_Self,0
2024-08-15,1802,0,Investment_Trust,0
2024-08-15,1802,35000,Dealer_self,8851
2024-08-15,1802,7000,Dealer_Hedging,45000
2024-08-16,1802,1725000,Foreign_Investor,561000
2024-08-16,1802,0,Foreign_Dealer_Self,0
2024-08-16,1802,0,Investment_Trust,0
2024-08-16,1802,41000,Dealer_self,8023
2024-08-16,1802,22000,Dealer_Hedging,0
2024-08-19,1802,1035000,Foreign_Investor,826000
2024-08-19,1802,0,Foreign_Dealer_Self,0
2024-08-19,1802,0,Investment_Trust,11000
2024-08-19,1802,33000,Dealer_self,58512
2024-08-19,1802,0,Dealer_Hedging,24000
2024-08-20,1802,587000,Foreign_Investor,1020000
2024-08-20,1802,0,Foreign_Dealer_Self,0
2024-08-20,1802,0,Investment_Trust,0
2024-08-20,1802,32000,Dealer_self,23636
2024-08-20,1802,7000,Dealer_Hedging,1000
2024-08-21,1802,1990000,Foreign_Investor,1829000
2024-08-21,1802,0,Foreign_Dealer_Self,0
2024-08-21,1802,0,Investment_Trust,0
2024-08-21,1802,112000,Dealer_self,581041
2024-08-21,1802,10000,Dealer_Hedging,21000
2024-08-22,1802,370000,Foreign_Investor,838000
2024-08-22,1802,0,Foreign_Dealer_Self,0
2024-08-22,1802,0,Investment_Trust,0
2024-08-22,1802,0,Dealer_self,126337
2024-08-22,1802,0,Dealer_Hedging,18949
2024-08-23,1802,477000,Foreign_Investor,1620000
2024-08-23,1802,0,Foreign_Dealer_Self,0
2024-08-23,1802,0,Investment_Trust,0
2024-08-23,1802,8000,Dealer_self,44002
2024-08-23,1802,4000,Dealer_Hedging,28020
2024-08-26,1802,4883000,Foreign_Investor,2159905
2024-08-26,1802,0,Foreign_Dealer_Self,0
2024-08-26,1802,0,Investment_Trust,0
2024-08-26,1802,4709,Dealer_self,46000
2024-08-26,1802,47000,Dealer_Hedging,0
2024-08-27,1802,1259000,Foreign_Investor,2582000
2024-08-27,1802,0,Foreign_Dealer_Self,0
2024-08-27,1802,0,Investment_Trust,0
2024-08-27,1802,28000,Dealer_self,119493
2024-08-27,1802,0,Dealer_Hedging,17000
2024-08-28,1802,637000,Foreign_Investor,893000
2024-08-28,1802,0,Foreign_Dealer_Self,0
2024-08-28,1802,0,Investment_Trust,0
2024-08-28,1802,14000,Dealer_self,10084
2024-08-28,1802,17000,Dealer_Hedging,2000
2024-08-29,1802,1200000,Foreign_Investor,866000
2024-08-29,1802,0,Foreign_Dealer_Self,0
2024-08-29,1802,0,Investment_Trust,0
2024-08-29,1802,739,Dealer_self,24044
2024-08-29,1802,0,Dealer_Hedging,13000
2024-08-30,1802,922000,Foreign_Investor,1177000
2024-08-30,1802,0,Foreign_Dealer_Self,0
2024-08-30,1802,0,Investment_Trust,0
2024-08-30,1802,119000,Dealer_self,6450
2024-08-30,1802,30000,Dealer_Hedging,2000
2024-09-02,1802,1651000,Foreign_Investor,1076000
2024-09-02,1802,0,Foreign_Dealer_Self,0
2024-09-02,1802,0,Investment_Trust,0
2024-09-02,1802,42000,Dealer_self,38156
2024-09-02,1802,1000,Dealer_Hedging,17000
2024-09-03,1802,645000,Foreign_Investor,1069000
2024-09-03,1802,0,Foreign_Dealer_Self,0
2024-09-03,1802,0,Investment_Trust,0
2024-09-03,1802,103983,Dealer_self,1811
2024-09-03,1802,26000,Dealer_Hedging,2000
2024-09-04,1802,1242000,Foreign_Investor,4768000
2024-09-04,1802,0,Foreign_Dealer_Self,0
2024-09-04,1802,0,Investment_Trust,0
2024-09-04,1802,42000,Dealer_self,368805
2024-09-04,1802,1000,Dealer_Hedging,146761
2024-09-05,1802,935000,Foreign_Investor,1244000
2024-09-05,1802,0,Foreign_Dealer_Self,0
2024-09-05,1802,287000,Investment_Trust,0
2024-09-05,1802,8340,Dealer_self,205655
2024-09-05,1802,9000,Dealer_Hedging,138000
2024-09-06,1802,840000,Foreign_Investor,802000
2024-09-06,1802,0,Foreign_Dealer_Self,0
2024-09-06,1802,99000,Investment_Trust,0
2024-09-06,1802,2000,Dealer_self,78759
2024-09-06,1802,0,Dealer_Hedging,21000
2024-09-09,1802,2157000,Foreign_Investor,2805000
2024-09-09,1802,0,Foreign_Dealer_Self,0
2024-09-09,1802,0,Investment_Trust,0
2024-09-09,1802,20747,Dealer_self,463700
2024-09-09,1802,8000,Dealer_Hedging,116180
2024-09-10,1802,848806,Foreign_Investor,883000
2024-09-10,1802,0,Foreign_Dealer_Self,0
2024-09-10,1802,0,Investment_Trust,0
2024-09-10,1802,30059,Dealer_self,22547
2024-09-10,1802,0,Dealer_Hedging,28000
2024-09-11,1802,604000,Foreign_Investor,973000
2024-09-11,1802,0,Foreign_Dealer_Self,0
2024-09-11,1802,0,Investment_Trust,0
2024-09-11,1802,144000,Dealer_self,38623
2024-09-11,1802,12000,Dealer_Hedging,20000
2024-09-12,1802,1642000,Foreign_Investor,971397
2024-09-12,1802,0,Foreign_Dealer_Self,0
2024-09-12,1802,0,Investment_Trust,0
2024-09-12,1802,134000,Dealer_self,47122
2024-09-12,1802,18000,Dealer_Hedging,4000
2024-09-13,1802,1235000,Foreign_Investor,422000
2024-09-13,1802,0,Foreign_Dealer_Self,0
2024-09-13,1802,0,Investment_Trust,0
2024-09-13,1802,4246,Dealer_self,39596
2024-09-13,1802,0,Dealer_Hedging,0
2024-09-16,1802,632077,Foreign_Investor,404000
2024-09-16,1802,0,Foreign_Dealer_Self,0
2024-09-16,1802,0,Investment_Trust,0
2024-09-16,1802,14000,Dealer_self,523
2024-09-16,1802,20000,Dealer_Hedging,0
2024-09-18,1802,1158000,Foreign_Investor,553000
2024-09-18,1802,0,Foreign_Dealer_Self,0
2024-09-18,1802,3000,Investment_Trust,0
2024-09-18,1802,37000,Dealer_self,69449
2024-09-18,1802,15000,Dealer_Hedging,21000
2024-09-19,1802,3527194,Foreign_Investor,1917000
2024-09-19,1802,0,Foreign_Dealer_Self,0
2024-09-19,1802,0,Investment_Trust,0
2024-09-19,1802,109000,Dealer_self,4466
2024-09-19,1802,31000,Dealer_Hedging,14000
2024-09-20,1802,2447000,Foreign_Investor,1764208
2024-09-20,1802,0,Foreign_Dealer_Self,0
2024-09-20,1802,1000,Investment_Trust,0
2024-09-20,1802,76000,Dealer_self,20569
2024-09-20,1802,17000,Dealer_Hedging,15000
2024-09-23,1802,391000,Foreign_Investor,308000
2024-09-23,1802,0,Foreign_Dealer_Self,0
2024-09-23,1802,7000,Investment_Trust,0
2024-09-23,1802,122000,Dealer_self,1387
2024-09-23,1802,19000,Dealer_Hedging,0
2024-09-24,1802,535000,Foreign_Investor,256000
2024-09-24,1802,0,Foreign_Dealer_Self,0
2024-09-24,1802,1000,Investment_Trust,0
2024-09-24,1802,3001,Dealer_self,3563
2024-09-24,1802,16000,Dealer_Hedging,0
2024-09-25,1802,1325000,Foreign_Investor,917238
2024-09-25,1802,0,Foreign_Dealer_Self,0
2024-09-25,1802,4000,Investment_Trust,0
2024-09-25,1802,231000,Dealer_self,9000
2024-09-25,1802,27000,Dealer_Hedging,0
2024-09-26,1802,952000,Foreign_Investor,458000
2024-09-26,1802,0,Foreign_Dealer_Self,0
2024-09-26,1802,0,Investment_Trust,0
2024-09-26,1802,148000,Dealer_self,7000
2024-09-26,1802,24086,Dealer_Hedging,0
2024-09-27,1802,8469000,Foreign_Investor,3801147
2024-09-27,1802,0,Foreign_Dealer_Self,0
2024-09-27,1802,0,Investment_Trust,19000
2024-09-27,1802,989091,Dealer_self,701000
2024-09-27,1802,508000,Dealer_Hedging,0
2024-09-30,1802,13785000,Foreign_Investor,12384486
2024-09-30,1802,0,Foreign_Dealer_Self,0
2024-09-30,1802,0,Investment_Trust,0
2024-09-30,1802,1543199,Dealer_self,495000
2024-09-30,1802,1453664,Dealer_Hedging,165000
2024-10-01,1802,4143000,Foreign_Investor,6127000
2024-10-01,1802,0,Foreign_Dealer_Self,0
2024-10-01,1802,4000,Investment_Trust,0
2024-10-01,1802,844999,Dealer_self,746000
2024-10-01,1802,266662,Dealer_Hedging,61000
2024-10-04,1802,17758000,Foreign_Investor,6541786
2024-10-04,1802,0,Foreign_Dealer_Self,0
2024-10-04,1802,0,Investment_Trust,0
2024-10-04,1802,974000,Dealer_self,448000
2024-10-04,1802,239870,Dealer_Hedging,385000
2024-10-07,1802,5314037,Foreign_Investor,2986000
2024-10-07,1802,0,Foreign_Dealer_Self,0
2024-10-07,1802,0,Investment_Trust,0
2024-10-07,1802,661702,Dealer_self,250000
2024-10-07,1802,26017,Dealer_Hedging,322000
2024-10-08,1802,5618000,Foreign_Investor,2997369
2024-10-08,1802,0,Foreign_Dealer_Self,0
2024-10-08,1802,0,Investment_Trust,0
2024-10-08,1802,317000,Dealer_self,521000
2024-10-08,1802,7000,Dealer_Hedging,546000
2024-10-09,1802,2389000,Foreign_Investor,2980000
2024-10-09,1802,0,Foreign_Dealer_Self,0
2024-10-09,1802,2000,Investment_Trust,0
2024-10-09,1802,115000,Dealer_self,661550
2024-10-09,1802,10000,Dealer_Hedging,131183
2024-10-11,1802,1744000,Foreign_Investor,2137057
2024-10-11,1802,0,Foreign_Dealer_Self,0
2024-10-11,1802,0,Investment_Trust,0
2024-10-11,1802,69000,Dealer_self,306589
2024-10-11,1802,9000,Dealer_Hedging,118982
2024-10-14,1802,2593000,Foreign_Investor,1055000
2024-10-14,1802,0,Foreign_Dealer_Self,0
2024-10-14,1802,0,Investment_Trust,0
2024-10-14,1802,298000,Dealer_self,160721
2024-10-14,1802,3000,Dealer_Hedging,81521
2024-10-15,1802,855000,Foreign_Investor,2460000
2024-10-15,1802,0,Foreign_Dealer_Self,0
2024-10-15,1802,0,Investment_Trust,0
2024-10-15,1802,187000,Dealer_self,161651
2024-10-15,1802,4000,Dealer_Hedging,0
2024-10-16,1802,4105000,Foreign_Investor,7029000
2024-10-16,1802,0,Foreign_Dealer_Self,0
2024-10-16,1802,0,Investment_Trust,0
2024-10-16,1802,671550,Dealer_self,740600
2024-10-16,1802,718000,Dealer_Hedging,59312
2024-10-17,1802,1798000,Foreign_Investor,4300000
2024-10-17,1802,0,Foreign_Dealer_Self,0
2024-10-17,1802,0,Investment_Trust,0
2024-10-17,1802,181403,Dealer_self,22000
2024-10-17,1802,125000,Dealer_Hedging,9758
2024-10-18,1802,1400000,Foreign_Investor,1656000
2024-10-18,1802,0,Foreign_Dealer_Self,0
2024-10-18,1802,0,Investment_Trust,0
2024-10-18,1802,310000,Dealer_self,12290
2024-10-18,1802,30000,Dealer_Hedging,246215
2024-10-21,1802,5440000,Foreign_Investor,4360000
2024-10-21,1802,0,Foreign_Dealer_Self,0
2024-10-21,1802,0,Investment_Trust,0
2024-10-21,1802,256594,Dealer_self,562200
2024-10-21,1802,826001,Dealer_Hedging,3000
2024-10-22,1802,2210000,Foreign_Investor,3355000
2024-10-22,1802,0,Foreign_Dealer_Self,0
2024-10-22,1802,0,Investment_Trust,0
2024-10-22,1802,238627,Dealer_self,375000
2024-10-22,1802,13388,Dealer_Hedging,115000
2024-10-23,1802,2988000,Foreign_Investor,4819000
2024-10-23,1802,0,Foreign_Dealer_Self,0
2024-10-23,1802,0,Investment_Trust,2000
2024-10-23,1802,273054,Dealer_self,515298
2024-10-23,1802,326000,Dealer_Hedging,20000
2024-10-24,1802,9099000,Foreign_Investor,11531000
2024-10-24,1802,0,Foreign_Dealer_Self,0
2024-10-24,1802,0,Investment_Trust,0
2024-10-24,1802,582000,Dealer_self,341249
2024-10-24,1802,454963,Dealer_Hedging,380576
2024-10-25,1802,2719000,Foreign_Investor,5145000
2024-10-25,1802,0,Foreign_Dealer_Self,0
2024-10-25,1802,0,Investment_Trust,0
2024-10-25,1802,389000,Dealer_self,271001
2024-10-25,1802,48878,Dealer_Hedging,44000
2024-10-28,1802,16013000,Foreign_Investor,8046261
2024-10-28,1802,0,Foreign_Dealer_Self,0
2024-10-28,1802,0,Investment_Trust,0
2024-10-28,1802,1201888,Dealer_self,347995
2024-10-28,1802,6787853,Dealer_Hedging,54000
2024-10-29,1802,14541000,Foreign_Investor,10231000
2024-10-29,1802,0,Foreign_Dealer_Self,0
2024-10-29,1802,0,Investment_Trust,0
2024-10-29,1802,1071598,Dealer_self,613000
2024-10-29,1802,54000,Dealer_Hedging,3297998
2024-10-30,1802,0,Foreign_Dealer_Self,0
2024-10-30,1802,0,Investment_Trust,0
2024-10-30,1802,144488,Dealer_self,185001
2024-10-30,1802,33000,Dealer_Hedging,131000
2024-10-30,1802,4060089,Foreign_Investor,4728139
2024-11-01,1802,4310000,Foreign_Investor,3050089
2024-11-01,1802,0,Foreign_Dealer_Self,0
2024-11-01,1802,0,Investment_Trust,0
2024-11-01,1802,4000,Dealer_self,210000
2024-11-01,1802,37000,Dealer_Hedging,330000
2024-11-04,1802,3895000,Foreign_Investor,2538000
2024-11-04,1802,0,Foreign_Dealer_Self,0
2024-11-04,1802,1000,Investment_Trust,0
2024-11-04,1802,97000,Dealer_self,141000
2024-11-04,1802,6000,Dealer_Hedging,0
2024-11-05,1802,4421000,Foreign_Investor,2314000
2024-11-05,1802,0,Foreign_Dealer_Self,0
2024-11-05,1802,0,Investment_Trust,0
2024-11-05,1802,175000,Dealer_self,112000
2024-11-05,1802,10000,Dealer_Hedging,0
2024-11-06,1802,3417000,Foreign_Investor,3346000
2024-11-06,1802,0,Foreign_Dealer_Self,0
2024-11-06,1802,0,Investment_Trust,0
2024-11-06,1802,95000,Dealer_self,267000
2024-11-06,1802,461000,Dealer_Hedging,88000
2024-11-07,1802,2797000,Foreign_Investor,1516000
2024-11-07,1802,0,Foreign_Dealer_Self,0
2024-11-07,1802,0,Investment_Trust,0
2024-11-07,1802,85000,Dealer_self,76000
2024-11-07,1802,133837,Dealer_Hedging,258000
2024-11-08,1802,6352000,Foreign_Investor,5389517
2024-11-08,1802,0,Foreign_Dealer_Self,0
2024-11-08,1802,0,Investment_Trust,0
2024-11-08,1802,412170,Dealer_self,382215
2024-11-08,1802,47000,Dealer_Hedging,257000
2024-11-11,1802,1432000,Foreign_Investor,988000
2024-11-11,1802,0,Foreign_Dealer_Self,0
2024-11-11,1802,0,Investment_Trust,0
2024-11-11,1802,154000,Dealer_self,366000
2024-11-11,1802,32000,Dealer_Hedging,613178
2024-11-12,1802,3798000,Foreign_Investor,3103000
2024-11-12,1802,0,Foreign_Dealer_Self,0
2024-11-12,1802,0,Investment_Trust,0
2024-11-12,1802,237000,Dealer_self,421001
2024-11-12,1802,15000,Dealer_Hedging,896000
2024-11-13,1802,2750000,Foreign_Investor,2058000
2024-11-13,1802,0,Foreign_Dealer_Self,0
2024-11-13,1802,0,Investment_Trust,2000
2024-11-13,1802,101000,Dealer_self,407000
2024-11-13,1802,73000,Dealer_Hedging,99323
2024-11-14,1802,3358000,Foreign_Investor,1764000
2024-11-14,1802,0,Foreign_Dealer_Self,0
2024-11-14,1802,1000,Investment_Trust,0
2024-11-14,1802,29000,Dealer_self,247003
2024-11-14,1802,13000,Dealer_Hedging,1448616
2024-11-15,1802,2666378,Foreign_Investor,2145000
2024-11-15,1802,0,Foreign_Dealer_Self,0
2024-11-15,1802,1000,Investment_Trust,0
2024-11-15,1802,53000,Dealer_self,133430
2024-11-15,1802,97000,Dealer_Hedging,66454
2024-11-18,1802,1488000,Foreign_Investor,961000
2024-11-18,1802,0,Foreign_Dealer_Self,0
2024-11-18,1802,4000,Investment_Trust,0
2024-11-18,1802,133000,Dealer_self,14001
2024-11-18,1802,17000,Dealer_Hedging,44000
2024-11-19,1802,957000,Foreign_Investor,1545152
2024-11-19,1802,0,Foreign_Dealer_Self,0
2024-11-19,1802,0,Investment_Trust,18000
2024-11-19,1802,131000,Dealer_self,14000
2024-11-19,1802,36225,Dealer_Hedging,12001
2024-11-20,1802,2338000,Foreign_Investor,2998517
2024-11-20,1802,0,Foreign_Dealer_Self,0
2024-11-20,1802,1000,Investment_Trust,0
2024-11-20,1802,131000,Dealer_self,1199000
2024-11-20,1802,0,Dealer_Hedging,208000
2024-11-21,1802,15331000,Foreign_Investor,11852000
2024-11-21,1802,0,Foreign_Dealer_Self,0
2024-11-21,1802,2000,Investment_Trust,0
2024-11-21,1802,1650869,Dealer_self,255671
2024-11-21,1802,1849000,Dealer_Hedging,70000
2024-11-22,1802,21351000,Foreign_Investor,12628000
2024-11-22,1802,0,Foreign_Dealer_Self,0
2024-11-22,1802,0,Investment_Trust,0
2024-11-22,1802,2443748,Dealer_self,587136
2024-11-22,1802,3765719,Dealer_Hedging,400000
2024-11-25,1802,17969362,Foreign_Investor,14236190
2024-11-25,1802,0,Foreign_Dealer_Self,0
2024-11-25,1802,2000,Investment_Trust,0
2024-11-25,1802,1894616,Dealer_self,206000
2024-11-25,1802,1189000,Dealer_Hedging,1469000
2024-11-26,1802,5486000,Foreign_Investor,7263000
2024-11-26,1802,0,Foreign_Dealer_Self,0
2024-11-26,1802,0,Investment_Trust,0
2024-11-26,1802,475000,Dealer_self,277000
2024-11-26,1802,706000,Dealer_Hedging,415874
2024-11-27,1802,9280000,Foreign_Investor,5185000
2024-11-27,1802,0,Foreign_Dealer_Self,0
2024-11-27,1802,0,Investment_Trust,0
2024-11-27,1802,116000,Dealer_self,291358
2024-11-27,1802,61000,Dealer_Hedging,1344411
2024-11-28,1802,5887000,Foreign_Investor,15102000
2024-11-28,1802,0,Foreign_Dealer_Self,0
2024-11-28,1802,0,Investment_Trust,0
2024-11-28,1802,314000,Dealer_self,300040
2024-11-28,1802,341000,Dealer_Hedging,695000
2024-11-29,1802,6402000,Foreign_Investor,3649000
2024-11-29,1802,0,Foreign_Dealer_Self,0
2024-11-29,1802,0,Investment_Trust,2000
2024-11-29,1802,402000,Dealer_self,401000
2024-11-29,1802,1282839,Dealer_Hedging,177000
2024-12-02,1802,3623000,Foreign_Investor,5696000
2024-12-02,1802,0,Foreign_Dealer_Self,0
2024-12-02,1802,0,Investment_Trust,0
2024-12-02,1802,297048,Dealer_self,186503
2024-12-02,1802,269177,Dealer_Hedging,859109
2024-12-03,1802,2110000,Foreign_Investor,2653000
2024-12-03,1802,0,Foreign_Dealer_Self,0
2024-12-03,1802,0,Investment_Trust,0
2024-12-03,1802,99198,Dealer_self,236249
2024-12-03,1802,13000,Dealer_Hedging,33000
2024-12-04,1802,6861000,Foreign_Investor,10371000
2024-12-04,1802,0,Foreign_Dealer_Self,0
2024-12-04,1802,0,Investment_Trust,0
2024-12-04,1802,616096,Dealer_self,758760
2024-12-04,1802,383371,Dealer_Hedging,401698
2024-12-05,1802,2787000,Foreign_Investor,5831050
2024-12-05,1802,0,Foreign_Dealer_Self,0
2024-12-05,1802,0,Investment_Trust,0
2024-12-05,1802,104151,Dealer_self,609993
2024-12-05,1802,51001,Dealer_Hedging,720284
2024-12-06,1802,3432000,Foreign_Investor,2853000
2024-12-06,1802,0,Foreign_Dealer_Self,0
2024-12-06,1802,0,Investment_Trust,0
2024-12-06,1802,241000,Dealer_self,1841987
2024-12-06,1802,71000,Dealer_Hedging,1287367
2024-12-09,1802,2035000,Foreign_Investor,4947000
2024-12-09,1802,0,Foreign_Dealer_Self,0
2024-12-09,1802,0,Investment_Trust,0
2024-12-09,1802,183000,Dealer_self,295965
2024-12-09,1802,6000,Dealer_Hedging,505651
2024-12-10,1802,12448757,Foreign_Investor,12748000
2024-12-10,1802,0,Foreign_Dealer_Self,0
2024-12-10,1802,0,Investment_Trust,0
2024-12-10,1802,377185,Dealer_self,490134
2024-12-10,1802,505374,Dealer_Hedging,349147
2024-12-11,1802,8340000,Foreign_Investor,3880000
2024-12-11,1802,0,Foreign_Dealer_Self,0
2024-12-11,1802,0,Investment_Trust,0
2024-12-11,1802,295150,Dealer_self,603396
2024-12-11,1802,671000,Dealer_Hedging,188156
2024-12-12,1802,1210000,Foreign_Investor,6329000
2024-12-12,1802,0,Foreign_Dealer_Self,0
2024-12-12,1802,0,Investment_Trust,0
2024-12-12,1802,366000,Dealer_self,302285
2024-12-12,1802,25000,Dealer_Hedging,809101
2024-12-13,1802,2372000,Foreign_Investor,4415000
2024-12-13,1802,0,Foreign_Dealer_Self,0
2024-12-13,1802,0,Investment_Trust,0
2024-12-13,1802,76000,Dealer_self,384108
2024-12-13,1802,0,Dealer_Hedging,111596
2024-12-16,1802,4975000,Foreign_Investor,6736000
2024-12-16,1802,0,Foreign_Dealer_Self,0
2024-12-16,1802,0,Investment_Trust,0
2024-12-16,1802,154000,Dealer_self,1011320
2024-12-16,1802,92000,Dealer_Hedging,690552
2024-12-17,1802,1994000,Foreign_Investor,2492190
2024-12-17,1802,0,Foreign_Dealer_Self,0
2024-12-17,1802,0,Investment_Trust,0
2024-12-17,1802,26000,Dealer_self,42000
2024-12-17,1802,11000,Dealer_Hedging,27072
2024-12-18,1802,2755000,Foreign_Investor,2471000
2024-12-18,1802,0,Foreign_Dealer_Self,0
2024-12-18,1802,0,Investment_Trust,0
2024-12-18,1802,72000,Dealer_self,1202292
2024-12-18,1802,24000,Dealer_Hedging,206876
2024-12-19,1802,2880000,Foreign_Investor,3785000
2024-12-19,1802,0,Foreign_Dealer_Self,0
2024-12-19,1802,0,Investment_Trust,0
2024-12-19,1802,118000,Dealer_self,43669
2024-12-19,1802,215000,Dealer_Hedging,291775
2024-12-20,1802,4198240,Foreign_Investor,5174000
2024-12-20,1802,0,Foreign_Dealer_Self,0
2024-12-20,1802,0,Investment_Trust,759000
2024-12-20,1802,112000,Dealer_self,213169
2024-12-20,1802,62000,Dealer_Hedging,280475
2024-12-23,1802,1884000,Foreign_Investor,4214000
2024-12-23,1802,0,Foreign_Dealer_Self,0
2024-12-23,1802,0,Investment_Trust,0
2024-12-23,1802,128000,Dealer_self,200562
2024-12-23,1802,53000,Dealer_Hedging,54219
2024-12-24,1802,4082000,Foreign_Investor,5634000
2024-12-24,1802,0,Foreign_Dealer_Self,0
2024-12-24,1802,0,Investment_Trust,0
2024-12-24,1802,63000,Dealer_self,114117
2024-12-24,1802,42000,Dealer_Hedging,226674
2024-12-25,1802,4291000,Foreign_Investor,2337000
2024-12-25,1802,0,Foreign_Dealer_Self,0
2024-12-25,1802,0,Investment_Trust,0
2024-12-25,1802,301000,Dealer_self,219000
2024-12-25,1802,12000,Dealer_Hedging,337094
2024-12-26,1802,2213000,Foreign_Investor,2164000
2024-12-26,1802,0,Foreign_Dealer_Self,0
2024-12-26,1802,0,Investment_Trust,0
2024-12-26,1802,10000,Dealer_self,12000
2024-12-26,1802,4000,Dealer_Hedging,63946
2024-12-27,1802,4174000,Foreign_Investor,5718000
2024-12-27,1802,0,Foreign_Dealer_Self,0
2024-12-27,1802,0,Investment_Trust,0
2024-12-27,1802,199000,Dealer_self,0
2024-12-27,1802,64000,Dealer_Hedging,155572
2024-12-30,1802,700000,Foreign_Investor,1403000
2024-12-30,1802,0,Foreign_Dealer_Self,0
2024-12-30,1802,0,Investment_Trust,0
2024-12-30,1802,20000,Dealer_self,18000
2024-12-30,1802,4000,Dealer_Hedging,55745
2024-12-31,1802,621000,Foreign_Investor,2129000
2024-12-31,1802,0,Foreign_Dealer_Self,0
2024-12-31,1802,0,Investment_Trust,0
2024-12-31,1802,34000,Dealer_self,239000
2024-12-31,1802,23000,Dealer_Hedging,118670
2025-01-02,1802,1985000,Foreign_Investor,3041000
2025-01-02,1802,0,Foreign_Dealer_Self,0
2025-01-02,1802,0,Investment_Trust,0
2025-01-02,1802,4000,Dealer_self,280616
2025-01-02,1802,16096,Dealer_Hedging,229407
2025-01-03,1802,2012000,Foreign_Investor,2407000
2025-01-03,1802,0,Foreign_Dealer_Self,0
2025-01-03,1802,0,Investment_Trust,0
2025-01-03,1802,8000,Dealer_self,77000
2025-01-03,1802,20000,Dealer_Hedging,12058
2025-01-06,1802,1770000,Foreign_Investor,1728000
2025-01-06,1802,0,Foreign_Dealer_Self,0
2025-01-06,1802,0,Investment_Trust,0
2025-01-06,1802,190000,Dealer_self,6000
2025-01-06,1802,101000,Dealer_Hedging,34085
2025-01-07,1802,513000,Foreign_Investor,3948000
2025-01-07,1802,0,Foreign_Dealer_Self,0
2025-01-07,1802,0,Investment_Trust,0
2025-01-07,1802,2000,Dealer_self,5501
2025-01-07,1802,23000,Dealer_Hedging,130883
2025-01-08,1802,1318100,Foreign_Investor,1675000
2025-01-08,1802,0,Foreign_Dealer_Self,0
2025-01-08,1802,0,Investment_Trust,0
2025-01-08,1802,6000,Dealer_self,50499
2025-01-08,1802,2000,Dealer_Hedging,164731
2025-01-09,1802,2286000,Foreign_Investor,3303000
2025-01-09,1802,0,Foreign_Dealer_Self,0
2025-01-09,1802,0,Investment_Trust,0
2025-01-09,1802,9000,Dealer_self,174984
2025-01-09,1802,11000,Dealer_Hedging,362842
2025-01-10,1802,1406446,Foreign_Investor,2789000
2025-01-10,1802,0,Foreign_Dealer_Self,0
2025-01-10,1802,0,Investment_Trust,0
2025-01-10,1802,12000,Dealer_self,85434
2025-01-10,1802,4000,Dealer_Hedging,137661
2025-01-13,1802,3462000,Foreign_Investor,2864700
2025-01-13,1802,0,Foreign_Dealer_Self,0
2025-01-13,1802,0,Investment_Trust,0
2025-01-13,1802,44000,Dealer_self,124536
2025-01-13,1802,0,Dealer_Hedging,185143
2025-01-14,1802,2074000,Foreign_Investor,2392000
2025-01-14,1802,0,Foreign_Dealer_Self,0
2025-01-14,1802,0,Investment_Trust,0
2025-01-14,1802,52000,Dealer_self,22000
2025-01-14,1802,7000,Dealer_Hedging,3005
2025-01-15,1802,1693000,Foreign_Investor,2595000
2025-01-15,1802,0,Foreign_Dealer_Self,0
2025-01-15,1802,0,Investment_Trust,0
2025-01-15,1802,44000,Dealer_self,82917
2025-01-15,1802,92510,Dealer_Hedging,5835
2025-01-16,1802,1218000,Foreign_Investor,806000
2025-01-16,1802,0,Foreign_Dealer_Self,0
2025-01-16,1802,0,Investment_Trust,0
2025-01-16,1802,232000,Dealer_self,28901
2025-01-16,1802,14000,Dealer_Hedging,3464
2025-01-17,1802,2829000,Foreign_Investor,3740000
2025-01-17,1802,0,Foreign_Dealer_Self,0
2025-01-17,1802,0,Investment_Trust,0
2025-01-17,1802,768000,Dealer_self,6000
2025-01-17,1802,115519,Dealer_Hedging,14584
2025-01-20,1802,3463000,Foreign_Investor,4719694
2025-01-20,1802,0,Foreign_Dealer_Self,0
2025-01-20,1802,4416000,Investment_Trust,0
2025-01-20,1802,164000,Dealer_self,243497
2025-01-20,1802,100000,Dealer_Hedging,106404
2025-01-21,1802,3370000,Foreign_Investor,5500000
2025-01-21,1802,0,Foreign_Dealer_Self,0
2025-01-21,1802,2892000,Investment_Trust,0
2025-01-21,1802,51000,Dealer_self,479999
2025-01-21,1802,146309,Dealer_Hedging,99892
2025-01-22,1802,1297000,Foreign_Investor,1734000
2025-01-22,1802,0,Foreign_Dealer_Self,0
2025-01-22,1802,0,Investment_Trust,0
2025-01-22,1802,75000,Dealer_self,26995
2025-01-22,1802,23000,Dealer_Hedging,26064
2025-02-03,1802,4142000,Foreign_Investor,2948300
2025-02-03,1802,0,Foreign_Dealer_Self,0
2025-02-03,1802,0,Investment_Trust,0
2025-02-03,1802,22000,Dealer_self,64050
2025-02-03,1802,108002,Dealer_Hedging,131589
2025-02-04,1802,794000,Foreign_Investor,1900000
2025-02-04,1802,0,Foreign_Dealer_Self,0
2025-02-04,1802,0,Investment_Trust,0
2025-02-04,1802,2000,Dealer_self,44000
2025-02-04,1802,6011,Dealer_Hedging,96387
2025-02-05,1802,1038000,Foreign_Investor,954000
2025-02-05,1802,0,Foreign_Dealer_Self,0
2025-02-05,1802,0,Investment_Trust,0
2025-02-05,1802,26000,Dealer_self,14000
2025-02-05,1802,17021,Dealer_Hedging,49870
2025-02-06,1802,8038000,Foreign_Investor,5356000
2025-02-06,1802,0,Foreign_Dealer_Self,0
2025-02-06,1802,750000,Investment_Trust,0
2025-02-06,1802,552088,Dealer_self,399000
2025-02-06,1802,545332,Dealer_Hedging,57978
2025-02-07,1802,3886170,Foreign_Investor,13640000
2025-02-07,1802,0,Foreign_Dealer_Self,0
2025-02-07,1802,0,Investment_Trust,0
2025-02-07,1802,1258000,Dealer_self,735000
2025-02-07,1802,131013,Dealer_Hedging,103377
2025-02-10,1802,3610000,Foreign_Investor,7857000
2025-02-10,1802,0,Foreign_Dealer_Self,0
2025-02-10,1802,0,Investment_Trust,0
2025-02-10,1802,60000,Dealer_self,700000
2025-02-10,1802,229001,Dealer_Hedging,101833
2025-02-11,1802,3050000,Foreign_Investor,7068170
2025-02-11,1802,0,Foreign_Dealer_Self,0
2025-02-11,1802,50000,Investment_Trust,0
2025-02-11,1802,54000,Dealer_self,291070
2025-02-11,1802,10000,Dealer_Hedging,318164
2025-02-12,1802,1472204,Foreign_Investor,1579000
2025-02-12,1802,0,Foreign_Dealer_Self,0
2025-02-12,1802,9000,Investment_Trust,0
2025-02-12,1802,10000,Dealer_self,67409
2025-02-12,1802,48000,Dealer_Hedging,35699
2025-02-13,1802,3812000,Foreign_Investor,4805000
2025-02-13,1802,0,Foreign_Dealer_Self,0
2025-02-13,1802,0,Investment_Trust,0
2025-02-13,1802,572070,Dealer_self,36000
2025-02-13,1802,365393,Dealer_Hedging,55684
2025-02-14,1802,2832000,Foreign_Investor,2601000
2025-02-14,1802,0,Foreign_Dealer_Self,0
2025-02-14,1802,4000,Investment_Trust,0
2025-02-14,1802,260000,Dealer_self,566000
2025-02-14,1802,5000,Dealer_Hedging,170163
2025-02-17,1802,4606000,Foreign_Investor,4790000
2025-02-17,1802,0,Foreign_Dealer_Self,0
2025-02-17,1802,450000,Investment_Trust,0
2025-02-17,1802,200000,Dealer_self,237006
2025-02-17,1802,40000,Dealer_Hedging,145759
2025-02-18,1802,5085000,Foreign_Investor,9396000
2025-02-18,1802,0,Foreign_Dealer_Self,0
2025-02-18,1802,0,Investment_Trust,326000
2025-02-18,1802,181000,Dealer_self,143000
2025-02-18,1802,55000,Dealer_Hedging,147018
2025-02-19,1802,5235000,Foreign_Investor,3047000
2025-02-19,1802,0,Foreign_Dealer_Self,0
2025-02-19,1802,0,Investment_Trust,804000
2025-02-19,1802,54000,Dealer_self,543000
2025-02-19,1802,184002,Dealer_Hedging,84404
2025-02-20,1802,3573000,Foreign_Investor,4936000
2025-02-20,1802,0,Foreign_Dealer_Self,0
2025-02-20,1802,0,Investment_Trust,6178000
2025-02-20,1802,36000,Dealer_self,24000
2025-02-20,1802,74000,Dealer_Hedging,214448
2025-02-21,1802,3034000,Foreign_Investor,1072000
2025-02-21,1802,0,Foreign_Dealer_Self,0
2025-02-21,1802,0,Investment_Trust,0
2025-02-21,1802,62000,Dealer_self,32000
2025-02-21,1802,119000,Dealer_Hedging,57234
2025-02-24,1802,5480000,Foreign_Investor,5146000
2025-02-24,1802,0,Foreign_Dealer_Self,0
2025-02-24,1802,0,Investment_Trust,0
2025-02-24,1802,17000,Dealer_self,48243
2025-02-24,1802,325000,Dealer_Hedging,224098
2025-02-25,1802,1537000,Foreign_Investor,2366000
2025-02-25,1802,0,Foreign_Dealer_Self,0
2025-02-25,1802,0,Investment_Trust,0
2025-02-25,1802,24000,Dealer_self,69180
2025-02-25,1802,145000,Dealer_Hedging,133763
2025-02-26,1802,6426000,Foreign_Investor,4541000
2025-02-26,1802,0,Foreign_Dealer_Self,0
2025-02-26,1802,0,Investment_Trust,0
2025-02-26,1802,653566,Dealer_self,23000
2025-02-26,1802,331997,Dealer_Hedging,97141
2025-02-27,1802,5564246,Foreign_Investor,14675000
2025-02-27,1802,0,Foreign_Dealer_Self,0
2025-02-27,1802,0,Investment_Trust,12000
2025-02-27,1802,208000,Dealer_self,563065
2025-02-27,1802,787277,Dealer_Hedging,420774
2025-03-03,1802,1513000,Foreign_Investor,2613075
2025-03-03,1802,0,Foreign_Dealer_Self,0
2025-03-03,1802,0,Investment_Trust,6000
2025-03-03,1802,62000,Dealer_self,218579
2025-03-03,1802,7000,Dealer_Hedging,654505
2025-03-04,1802,2094000,Foreign_Investor,5498000
2025-03-04,1802,0,Foreign_Dealer_Self,0
2025-03-04,1802,20000,Investment_Trust,0
2025-03-04,1802,90000,Dealer_self,115000
2025-03-04,1802,45000,Dealer_Hedging,126565
2025-03-05,1802,6239000,Foreign_Investor,3287000
2025-03-05,1802,0,Foreign_Dealer_Self,0
2025-03-05,1802,2000,Investment_Trust,0
2025-03-05,1802,147000,Dealer_self,59204
2025-03-05,1802,156000,Dealer_Hedging,92332
2025-03-06,1802,6923000,Foreign_Investor,2082306
2025-03-06,1802,0,Foreign_Dealer_Self,0
2025-03-06,1802,5000,Investment_Trust,0
2025-03-06,1802,95000,Dealer_self,20000
2025-03-06,1802,379990,Dealer_Hedging,115569
2025-03-07,1802,2999000,Foreign_Investor,3601000
2025-03-07,1802,0,Foreign_Dealer_Self,0
2025-03-07,1802,2000,Investment_Trust,0
2025-03-07,1802,12000,Dealer_self,167000
2025-03-07,1802,303004,Dealer_Hedging,320968
2025-03-10,1802,23937000,Foreign_Investor,9947000
2025-03-10,1802,0,Foreign_Dealer_Self,0
2025-03-10,1802,0,Investment_Trust,0
2025-03-10,1802,888260,Dealer_self,256000
2025-03-10,1802,524724,Dealer_Hedging,162678
2025-03-11,1802,11079000,Foreign_Investor,10657000
2025-03-11,1802,0,Foreign_Dealer_Self,0
2025-03-11,1802,0,Investment_Trust,0
2025-03-11,1802,450000,Dealer_self,692010
2025-03-11,1802,702528,Dealer_Hedging,315722
2025-03-12,1802,4438000,Foreign_Investor,6907125
2025-03-12,1802,0,Foreign_Dealer_Self,0
2025-03-12,1802,3000,Investment_Trust,0
2025-03-12,1802,137000,Dealer_self,466000
2025-03-12,1802,91000,Dealer_Hedging,670137
2025-03-13,1802,7951000,Foreign_Investor,8798100
2025-03-13,1802,0,Foreign_Dealer_Self,0
2025-03-13,1802,0,Investment_Trust,0
2025-03-13,1802,120250,Dealer_self,188000
2025-03-13,1802,289116,Dealer_Hedging,162077
2025-03-14,1802,6259550,Foreign_Investor,16328000
2025-03-14,1802,0,Foreign_Dealer_Self,0
2025-03-14,1802,2000,Investment_Trust,0
2025-03-14,1802,281000,Dealer_self,658000
2025-03-14,1802,111729,Dealer_Hedging,311789
2025-03-17,1802,6478000,Foreign_Investor,3424000
2025-03-17,1802,0,Foreign_Dealer_Self,0
2025-03-17,1802,3000,Investment_Trust,0
2025-03-17,1802,225000,Dealer_self,8000
2025-03-17,1802,70895,Dealer_Hedging,204615
2025-03-18,1802,3041450,Foreign_Investor,4475000
2025-03-18,1802,0,Foreign_Dealer_Self,0
2025-03-18,1802,14000,Investment_Trust,0
2025-03-18,1802,142500,Dealer_self,136000
2025-03-18,1802,86000,Dealer_Hedging,288852
2025-03-19,1802,2988000,Foreign_Investor,1921000
2025-03-19,1802,0,Foreign_Dealer_Self,0
2025-03-19,1802,0,Investment_Trust,100000
2025-03-19,1802,232000,Dealer_self,148000
2025-03-19,1802,202211,Dealer_Hedging,7069
2025-03-20,1802,3485000,Foreign_Investor,2875000
2025-03-20,1802,0,Foreign_Dealer_Self,0
2025-03-20,1802,0,Investment_Trust,50000
2025-03-20,1802,234000,Dealer_self,32000
2025-03-20,1802,223559,Dealer_Hedging,61852
2025-03-21,1802,0,Foreign_Dealer_Self,0
2025-03-21,1802,1000,Investment_Trust,50000
2025-03-21,1802,252000,Dealer_self,56000
2025-03-21,1802,320481,Dealer_Hedging,186325
2025-03-21,1802,4493000,Foreign_Investor,4559000
2025-03-24,1802,4362000,Foreign_Investor,4485000
2025-03-24,1802,0,Foreign_Dealer_Self,0
2025-03-24,1802,5000,Investment_Trust,0
2025-03-24,1802,912509,Dealer_self,233000
2025-03-24,1802,829315,Dealer_Hedging,133744
2025-03-25,1802,1216261,Foreign_Investor,3321000
2025-03-25,1802,0,Foreign_Dealer_Self,0
2025-03-25,1802,4000,Investment_Trust,0
2025-03-25,1802,56000,Dealer_self,522000
2025-03-25,1802,55002,Dealer_Hedging,714952
2025-03-26,1802,1930000,Foreign_Investor,1003000
2025-03-26,1802,0,Foreign_Dealer_Self,0
2025-03-26,1802,0,Investment_Trust,0
2025-03-26,1802,140000,Dealer_self,94000
2025-03-26,1802,160055,Dealer_Hedging,76487
2025-03-27,1802,3223000,Foreign_Investor,1939000
2025-03-27,1802,0,Foreign_Dealer_Self,0
2025-03-27,1802,0,Investment_Trust,0
2025-03-27,1802,131000,Dealer_self,118000
2025-03-27,1802,433664,Dealer_Hedging,220215
2025-03-28,1802,1988000,Foreign_Investor,3508000
2025-03-28,1802,0,Foreign_Dealer_Self,0
2025-03-28,1802,0,Investment_Trust,0
2025-03-28,1802,118000,Dealer_self,547000
2025-03-28,1802,22700,Dealer_Hedging,631835
2025-03-31,1802,3664000,Foreign_Investor,3595000
2025-03-31,1802,0,Foreign_Dealer_Self,0
2025-03-31,1802,0,Investment_Trust,0
2025-03-31,1802,109000,Dealer_self,529998
2025-03-31,1802,91036,Dealer_Hedging,333455
2025-04-01,1802,3629000,Foreign_Investor,2059000
2025-04-01,1802,0,Foreign_Dealer_Self,0
2025-04-01,1802,3000,Investment_Trust,0
2025-04-01,1802,114000,Dealer_self,109000
2025-04-01,1802,70578,Dealer_Hedging,118656
2025-04-02,1802,5188000,Foreign_Investor,5663484
2025-04-02,1802,0,Foreign_Dealer_Self,0
2025-04-02,1802,0,Investment_Trust,0
2025-04-02,1802,443000,Dealer_self,246000
2025-04-02,1802,617472,Dealer_Hedging,107568
2025-04-07,1802,247000,Foreign_Investor,1000
2025-04-07,1802,0,Foreign_Dealer_Self,0
2025-04-07,1802,0,Investment_Trust,0
2025-04-07,1802,2000,Dealer_self,0
2025-04-07,1802,0,Dealer_Hedging,343213
2025-04-08,1802,4934000,Foreign_Investor,5648000
2025-04-08,1802,0,Foreign_Dealer_Self,0
2025-04-08,1802,0,Investment_Trust,0
2025-04-08,1802,121000,Dealer_self,95026
2025-04-08,1802,59000,Dealer_Hedging,730834
2025-04-09,1802,8485000,Foreign_Investor,5286000
2025-04-09,1802,0,Foreign_Dealer_Self,0
2025-04-09,1802,0,Investment_Trust,0
2025-04-09,1802,49000,Dealer_self,194784
2025-04-09,1802,41000,Dealer_Hedging,415359
2025-04-10,1802,1428000,Foreign_Investor,872000
2025-04-10,1802,0,Foreign_Dealer_Self,0
2025-04-10,1802,0,Investment_Trust,0
2025-04-10,1802,0,Dealer_self,4000
2025-04-10,1802,41000,Dealer_Hedging,16000
2025-04-11,1802,5841139,Foreign_Investor,3111000
2025-04-11,1802,0,Foreign_Dealer_Self,0
2025-04-11,1802,7000,Investment_Trust,0
2025-04-11,1802,55000,Dealer_self,3018
2025-04-11,1802,19000,Dealer_Hedging,387890
2025-04-14,1802,3077891,Foreign_Investor,3835000
2025-04-14,1802,0,Foreign_Dealer_Self,0
2025-04-14,1802,4000,Investment_Trust,0
2025-04-14,1802,3000,Dealer_self,102004
2025-04-14,1802,26920,Dealer_Hedging,78998
2025-04-15,1802,3176080,Foreign_Investor,1065891
2025-04-15,1802,0,Foreign_Dealer_Self,0
2025-04-15,1802,0,Investment_Trust,0
2025-04-15,1802,1000,Dealer_self,197576
2025-04-15,1802,125316,Dealer_Hedging,49050
2025-04-16,1802,3353000,Foreign_Investor,3194080
2025-04-16,1802,0,Foreign_Dealer_Self,0
2025-04-16,1802,0,Investment_Trust,0
2025-04-16,1802,54000,Dealer_self,167949
2025-04-16,1802,107000,Dealer_Hedging,177029
2025-04-17,1802,2552021,Foreign_Investor,1990000
2025-04-17,1802,0,Foreign_Dealer_Self,0
2025-04-17,1802,0,Investment_Trust,0
2025-04-17,1802,13,Dealer_self,2288
2025-04-17,1802,65100,Dealer_Hedging,82588
2025-04-18,1802,2703000,Foreign_Investor,908019
2025-04-18,1802,0,Foreign_Dealer_Self,0
2025-04-18,1802,1000,Investment_Trust,0
2025-04-18,1802,0,Dealer_self,1
2025-04-18,1802,9000,Dealer_Hedging,54497
2025-04-21,1802,747000,Foreign_Investor,1606002
2025-04-21,1802,0,Foreign_Dealer_Self,0
2025-04-21,1802,0,Investment_Trust,0
2025-04-21,1802,0,Dealer_self,15000
2025-04-21,1802,14000,Dealer_Hedging,24381
2025-04-22,1802,895482,Foreign_Investor,578000
2025-04-22,1802,0,Foreign_Dealer_Self,0
2025-04-22,1802,0,Investment_Trust,0
2025-04-22,1802,16000,Dealer_self,0
2025-04-22,1802,1320,Dealer_Hedging,19169
2025-04-23,1802,1834000,Foreign_Investor,787482
2025-04-23,1802,0,Foreign_Dealer_Self,0
2025-04-23,1802,3000,Investment_Trust,0
2025-04-23,1802,14000,Dealer_self,49001
2025-04-23,1802,31000,Dealer_Hedging,42001
2025-04-24,1802,548000,Foreign_Investor,1069000
2025-04-24,1802,0,Foreign_Dealer_Self,0
2025-04-24,1802,8000,Investment_Trust,0
2025-04-24,1802,0,Dealer_self,24000
2025-04-24,1802,75000,Dealer_Hedging,7616
2025-04-25,1802,1114992,Foreign_Investor,648000
2025-04-25,1802,0,Foreign_Dealer_Self,0
2025-04-25,1802,0,Investment_Trust,0
2025-04-25,1802,4000,Dealer_self,2000
2025-04-25,1802,29000,Dealer_Hedging,7685
2025-04-28,1802,960000,Foreign_Investor,685992
2025-04-28,1802,0,Foreign_Dealer_Self,0
2025-04-28,1802,8000,Investment_Trust,0
2025-04-28,1802,4000,Dealer_self,4000
2025-04-28,1802,23247,Dealer_Hedging,17125
2025-04-29,1802,2783000,Foreign_Investor,1019000
2025-04-29,1802,0,Foreign_Dealer_Self,0
2025-04-29,1802,0,Investment_Trust,0
2025-04-29,1802,0,Dealer_self,0
2025-04-29,1802,110052,Dealer_Hedging,13720
2025-04-30,1802,746050,Foreign_Investor,1444000
2025-04-30,1802,0,Foreign_Dealer_Self,0
2025-04-30,1802,0,Investment_Trust,0
2025-04-30,1802,3000,Dealer_self,65198
2025-04-30,1802,20601,Dealer_Hedging,74260
2025-05-02,1802,2370000,Foreign_Investor,530050
2025-05-02,1802,0,Foreign_Dealer_Self,0
2025-05-02,1802,0,Investment_Trust,0
2025-05-02,1802,4000,Dealer_self,225
2025-05-02,1802,37798,Dealer_Hedging,30100
2025-05-05,1802,2068000,Foreign_Investor,1243000
2025-05-05,1802,0,Foreign_Dealer_Self,0
2025-05-05,1802,6000,Investment_Trust,0
2025-05-05,1802,32900,Dealer_self,36953
2025-05-05,1802,57107,Dealer_Hedging,94742
2025-05-06,1802,2346000,Foreign_Investor,1231000
2025-05-06,1802,0,Foreign_Dealer_Self,0
2025-05-06,1802,19000,Investment_Trust,0
2025-05-06,1802,397,Dealer_self,82601
2025-05-06,1802,31601,Dealer_Hedging,82000
2025-05-07,1802,3257293,Foreign_Investor,1513000
2025-05-07,1802,0,Foreign_Dealer_Self,0
2025-05-07,1802,3000,Investment_Trust,0
2025-05-07,1802,0,Dealer_self,136171
2025-05-07,1802,65934,Dealer_Hedging,42050
2025-05-08,1802,807000,Foreign_Investor,2906293
2025-05-08,1802,0,Foreign_Dealer_Self,0
2025-05-08,1802,0,Investment_Trust,3000
2025-05-08,1802,31000,Dealer_self,2
2025-05-08,1802,60150,Dealer_Hedging,18100
2025-05-09,1802,2085000,Foreign_Investor,1296000
2025-05-09,1802,0,Foreign_Dealer_Self,0
2025-05-09,1802,0,Investment_Trust,0
2025-05-09,1802,156000,Dealer_self,393
2025-05-09,1802,66651,Dealer_Hedging,51752
2025-05-12,1802,1414000,Foreign_Investor,608601
2025-05-12,1802,0,Foreign_Dealer_Self,0
2025-05-12,1802,0,Investment_Trust,0
2025-05-12,1802,26000,Dealer_self,415
2025-05-12,1802,47340,Dealer_Hedging,28671
2025-05-13,1802,865000,Foreign_Investor,771000
2025-05-13,1802,0,Foreign_Dealer_Self,0
2025-05-13,1802,0,Investment_Trust,350000
2025-05-13,1802,32000,Dealer_self,24000
2025-05-13,1802,14177,Dealer_Hedging,33551
2025-05-14,1802,1964350,Foreign_Investor,825000
2025-05-14,1802,0,Foreign_Dealer_Self,0
2025-05-14,1802,0,Investment_Trust,0
2025-05-14,1802,199000,Dealer_self,27
2025-05-14,1802,96000,Dealer_Hedging,9249
2025-05-15,1802,1043000,Foreign_Investor,777000
2025-05-15,1802,0,Foreign_Dealer_Self,0
2025-05-15,1802,0,Investment_Trust,1000
2025-05-15,1802,0,Dealer_self,404
2025-05-15,1802,44000,Dealer_Hedging,77369
2025-05-16,1802,1233600,Foreign_Investor,569000
2025-05-16,1802,0,Foreign_Dealer_Self,0
2025-05-16,1802,1000,Investment_Trust,0
2025-05-16,1802,1000,Dealer_self,26768
2025-05-16,1802,27000,Dealer_Hedging,23592
2025-05-19,1802,885000,Foreign_Investor,2042000
2025-05-19,1802,0,Foreign_Dealer_Self,0
2025-05-19,1802,0,Investment_Trust,650000
2025-05-19,1802,0,Dealer_self,8532
2025-05-19,1802,85000,Dealer_Hedging,92834
2025-05-20,1802,1482000,Foreign_Investor,1053000
2025-05-20,1802,0,Foreign_Dealer_Self,0
2025-05-20,1802,0,Investment_Trust,2000
2025-05-20,1802,46000,Dealer_self,10000
2025-05-20,1802,17380,Dealer_Hedging,31829
2025-05-21,1802,1286500,Foreign_Investor,628000
2025-05-21,1802,0,Foreign_Dealer_Self,0
2025-05-21,1802,0,Investment_Trust,2000
2025-05-21,1802,115,Dealer_self,0
2025-05-21,1802,28725,Dealer_Hedging,112611
2025-05-22,1802,672991,Foreign_Investor,3313000
2025-05-22,1802,0,Foreign_Dealer_Self,0
2025-05-22,1802,0,Investment_Trust,0
2025-05-22,1802,0,Dealer_self,20357
2025-05-22,1802,32244,Dealer_Hedging,104960
2025-05-23,1802,1938445,Foreign_Investor,1895391
2025-05-23,1802,0,Foreign_Dealer_Self,0
2025-05-23,1802,0,Investment_Trust,0
2025-05-23,1802,3000,Dealer_self,48149
2025-05-23,1802,57120,Dealer_Hedging,79298
2025-05-26,1802,2216103,Foreign_Investor,1877445
2025-05-26,1802,0,Foreign_Dealer_Self,0
2025-05-26,1802,0,Investment_Trust,0
2025-05-26,1802,0,Dealer_self,118001
2025-05-26,1802,9000,Dealer_Hedging,52166
2025-05-27,1802,6105000,Foreign_Investor,7510003
2025-05-27,1802,0,Foreign_Dealer_Self,0
2025-05-27,1802,0,Investment_Trust,0
2025-05-27,1802,6066,Dealer_self,118290
2025-05-27,1802,294286,Dealer_Hedging,140000
2025-05-28,1802,12935000,Foreign_Investor,25715000
2025-05-28,1802,0,Foreign_Dealer_Self,0
2025-05-28,1802,0,Investment_Trust,2000
2025-05-28,1802,139734,Dealer_self,72672
2025-05-28,1802,3351697,Dealer_Hedging,1330450
2025-05-29,1802,8118458,Foreign_Investor,10443000
2025-05-29,1802,0,Foreign_Dealer_Self,0
2025-05-29,1802,0,Investment_Trust,0
2025-05-29,1802,141918,Dealer_self,101362
2025-05-29,1802,165000,Dealer_Hedging,959553
2025-06-02,1802,4199281,Foreign_Investor,4668749
2025-06-02,1802,0,Foreign_Dealer_Self,0
2025-06-02,1802,0,Investment_Trust,0
2025-06-02,1802,111651,Dealer_self,287346
2025-06-02,1802,82534,Dealer_Hedging,729796
2025-06-03,1802,4456000,Foreign_Investor,12871000
2025-06-03,1802,0,Foreign_Dealer_Self,0
2025-06-03,1802,0,Investment_Trust,0
2025-06-03,1802,17000,Dealer_self,203353
2025-06-03,1802,58000,Dealer_Hedging,497568
2025-06-04,1802,12394447,Foreign_Investor,11440000
2025-06-04,1802,0,Foreign_Dealer_Self,0
2025-06-04,1802,0,Investment_Trust,0
2025-06-04,1802,38000,Dealer_self,176529
2025-06-04,1802,930945,Dealer_Hedging,41147
2025-06-05,1802,7867371,Foreign_Investor,5478070
2025-06-05,1802,0,Foreign_Dealer_Self,0
2025-06-05,1802,0,Investment_Trust,0
2025-06-05,1802,60221,Dealer_self,73000
2025-06-05,1802,502419,Dealer_Hedging,168150
2025-06-06,1802,4144001,Foreign_Investor,6956762
2025-06-06,1802,0,Foreign_Dealer_Self,0
2025-06-06,1802,0,Investment_Trust,0
2025-06-06,1802,126070,Dealer_self,142000
2025-06-06,1802,55991,Dealer_Hedging,345378
2025-06-09,1802,20317484,Foreign_Investor,9587001
2025-06-09,1802,0,Foreign_Dealer_Self,0
2025-06-09,1802,0,Investment_Trust,0
2025-06-09,1802,650335,Dealer_self,403699
2025-06-09,1802,1587835,Dealer_Hedging,462388
2025-06-10,1802,15814766,Foreign_Investor,21445484
2025-06-10,1802,0,Foreign_Dealer_Self,0
2025-06-10,1802,1000,Investment_Trust,0
2025-06-10,1802,1072000,Dealer_self,498000
2025-06-10,1802,173780,Dealer_Hedging,1069954
2025-06-11,1802,7755503,Foreign_Investor,6426886
2025-06-11,1802,0,Foreign_Dealer_Self,0
2025-06-11,1802,0,Investment_Trust,0
2025-06-11,1802,375000,Dealer_self,167250
2025-06-11,1802,195090,Dealer_Hedging,333306
2025-06-12,1802,2201000,Foreign_Investor,8620703
2025-06-12,1802,0,Foreign_Dealer_Self,0
2025-06-12,1802,0,Investment_Trust,0
2025-06-12,1802,104000,Dealer_self,156000
2025-06-12,1802,158556,Dealer_Hedging,108898
2025-06-13,1802,5435000,Foreign_Investor,5823000
2025-06-13,1802,0,Foreign_Dealer_Self,0
2025-06-13,1802,0,Investment_Trust,0
2025-06-13,1802,157000,Dealer_self,280107
2025-06-13,1802,360581,Dealer_Hedging,111761
2025-06-16,1802,3198000,Foreign_Investor,3841000
2025-06-16,1802,0,Foreign_Dealer_Self,0
2025-06-16,1802,0,Investment_Trust,0
2025-06-16,1802,347000,Dealer_self,30472
2025-06-16,1802,439257,Dealer_Hedging,164846
2025-06-17,1802,3192407,Foreign_Investor,3510000
2025-06-17,1802,0,Foreign_Dealer_Self,0
2025-06-17,1802,0,Investment_Trust,0
2025-06-17,1802,0,Dealer_self,374000
2025-06-17,1802,144577,Dealer_Hedging,370625
2025-06-18,1802,3036644,Foreign_Investor,1947000
2025-06-18,1802,0,Foreign_Dealer_Self,0
2025-06-18,1802,0,Investment_Trust,0
2025-06-18,1802,0,Dealer_self,1327137
2025-06-18,1802,103900,Dealer_Hedging,472758
2025-06-19,1802,2312312,Foreign_Investor,2587000
2025-06-19,1802,0,Foreign_Dealer_Self,0
2025-06-19,1802,0,Investment_Trust,0
2025-06-19,1802,172000,Dealer_self,116090
2025-06-19,1802,85047,Dealer_Hedging,407717
2025-06-20,1802,0,Foreign_Dealer_Self,0
2025-06-20,1802,0,Investment_Trust,354901
2025-06-20,1802,63000,Dealer_self,124000
2025-06-20,1802,51000,Dealer_Hedging,258905
2025-06-20,1802,17046970,Foreign_Investor,15987000
2025-06-23,1802,3151000,Foreign_Investor,2230000
2025-06-23,1802,0,Foreign_Dealer_Self,0
2025-06-23,1802,0,Investment_Trust,0
2025-06-23,1802,72000,Dealer_self,66000
2025-06-23,1802,123991,Dealer_Hedging,102855
2025-06-24,1802,5386529,Foreign_Investor,3816000
2025-06-24,1802,0,Foreign_Dealer_Self,0
2025-06-24,1802,0,Investment_Trust,0
2025-06-24,1802,366000,Dealer_self,84000
2025-06-24,1802,838883,Dealer_Hedging,397049
2025-06-25,1802,1833195,Foreign_Investor,3428000
2025-06-25,1802,0,Foreign_Dealer_Self,0
2025-06-25,1802,0,Investment_Trust,0
2025-06-25,1802,115000,Dealer_self,38000
2025-06-25,1802,29032,Dealer_Hedging,615188
2025-06-26,1802,3099730,Foreign_Investor,1296000
2025-06-26,1802,0,Foreign_Dealer_Self,0
2025-06-26,1802,0,Investment_Trust,0
2025-06-26,1802,12000,Dealer_self,164964
2025-06-26,1802,15243,Dealer_Hedging,46898
2025-06-27,1802,2205943,Foreign_Investor,3124000
2025-06-27,1802,0,Foreign_Dealer_Self,0
2025-06-27,1802,0,Investment_Trust,5000
2025-06-27,1802,5000,Dealer_self,674000
2025-06-27,1802,13000,Dealer_Hedging,116736
2025-06-30,1802,3214000,Foreign_Investor,3293000
2025-06-30,1802,0,Foreign_Dealer_Self,0
2025-06-30,1802,0,Investment_Trust,0
2025-06-30,1802,98000,Dealer_self,107000
2025-06-30,1802,68285,Dealer_Hedging,192242
2025-07-01,1802,1688394,Foreign_Investor,2760682
2025-07-01,1802,0,Foreign_Dealer_Self,0
2025-07-01,1802,5000,Investment_Trust,0
2025-07-01,1802,131000,Dealer_self,55548
2025-07-01,1802,6158,Dealer_Hedging,152620
2025-07-02,1802,2977523,Foreign_Investor,1030926
2025-07-02,1802,0,Foreign_Dealer_Self,0
2025-07-02,1802,0,Investment_Trust,0
2025-07-02,1802,30000,Dealer_self,39000
2025-07-02,1802,93230,Dealer_Hedging,78726
2025-07-03,1802,5744000,Foreign_Investor,2439000
2025-07-03,1802,0,Foreign_Dealer_Self,0
2025-07-03,1802,0,Investment_Trust,0
2025-07-03,1802,188000,Dealer_self,35000
2025-07-03,1802,514431,Dealer_Hedging,133675
2025-07-04,1802,4417742,Foreign_Investor,7508000
2025-07-04,1802,0,Foreign_Dealer_Self,0
2025-07-04,1802,0,Investment_Trust,0
2025-07-04,1802,29000,Dealer_self,78000
2025-07-04,1802,129929,Dealer_Hedging,366795
2025-07-07,1802,2131702,Foreign_Investor,3506000
2025-07-07,1802,0,Foreign_Dealer_Self,0
2025-07-07,1802,0,Investment_Trust,0
2025-07-07,1802,16000,Dealer_self,50000
2025-07-07,1802,49693,Dealer_Hedging,330137
2025-07-08,1802,2663000,Foreign_Investor,2029000
2025-07-08,1802,0,Foreign_Dealer_Self,0
2025-07-08,1802,0,Investment_Trust,18000
2025-07-08,1802,40000,Dealer_self,14000
2025-07-08,1802,121469,Dealer_Hedging,155598
2025-07-09,1802,5916000,Foreign_Investor,3651218
2025-07-09,1802,0,Foreign_Dealer_Self,0
2025-07-09,1802,0,Investment_Trust,0
2025-07-09,1802,73000,Dealer_self,0
2025-07-09,1802,299093,Dealer_Hedging,104067
2025-07-10,1802,10088419,Foreign_Investor,6526000
2025-07-10,1802,0,Foreign_Dealer_Self,0
2025-07-10,1802,0,Investment_Trust,0
2025-07-10,1802,182000,Dealer_self,70455
2025-07-10,1802,370088,Dealer_Hedging,120435
2025-07-11,1802,1110279,Foreign_Investor,3303000
2025-07-11,1802,0,Foreign_Dealer_Self,0
2025-07-11,1802,104000,Investment_Trust,0
2025-07-11,1802,29000,Dealer_self,116000
2025-07-11,1802,65271,Dealer_Hedging,399407
2025-07-14,1802,7633000,Foreign_Investor,2638000
2025-07-14,1802,0,Foreign_Dealer_Self,0
2025-07-14,1802,0,Investment_Trust,0
2025-07-14,1802,304000,Dealer_self,72000
2025-07-14,1802,768965,Dealer_Hedging,129316
2025-07-15,1802,9310414,Foreign_Investor,13238000
2025-07-15,1802,0,Foreign_Dealer_Self,0
2025-07-15,1802,0,Investment_Trust,0
2025-07-15,1802,552000,Dealer_self,462572
2025-07-15,1802,1439007,Dealer_Hedging,421195
2025-07-16,1802,16028000,Foreign_Investor,11686161
2025-07-16,1802,0,Foreign_Dealer_Self,0
2025-07-16,1802,0,Investment_Trust,0
2025-07-16,1802,540000,Dealer_self,765000
2025-07-16,1802,1251141,Dealer_Hedging,1294526
2025-07-17,1802,5256753,Foreign_Investor,6627936
2025-07-17,1802,0,Foreign_Dealer_Self,0
2025-07-17,1802,0,Investment_Trust,0
2025-07-17,1802,324000,Dealer_self,56000
2025-07-17,1802,529892,Dealer_Hedging,1003343
2025-07-18,1802,6046000,Foreign_Investor,8106000
2025-07-18,1802,0,Foreign_Dealer_Self,0
2025-07-18,1802,0,Investment_Trust,0
2025-07-18,1802,148000,Dealer_self,277000
2025-07-18,1802,724345,Dealer_Hedging,401363
2025-07-21,1802,1648000,Foreign_Investor,2211000
2025-07-21,1802,0,Foreign_Dealer_Self,0
2025-07-21,1802,0,Investment_Trust,0
2025-07-21,1802,201000,Dealer_self,92000
2025-07-21,1802,29300,Dealer_Hedging,423975
2025-07-22,1802,5890000,Foreign_Investor,5985000
2025-07-22,1802,0,Foreign_Dealer_Self,0
2025-07-22,1802,0,Investment_Trust,0
2025-07-22,1802,822000,Dealer_self,998000
2025-07-22,1802,318571,Dealer_Hedging,433492
2025-07-23,1802,24755311,Foreign_Investor,6102000
2025-07-23,1802,0,Foreign_Dealer_Self,0
2025-07-23,1802,0,Investment_Trust,0
2025-07-23,1802,1989262,Dealer_self,361000
2025-07-23,1802,300796,Dealer_Hedging,276447
2025-07-24,1802,42667000,Foreign_Investor,27049000
2025-07-24,1802,0,Foreign_Dealer_Self,0
2025-07-24,1802,263000,Investment_Trust,0
2025-07-24,1802,3104557,Dealer_self,2895018
2025-07-24,1802,538361,Dealer_Hedging,546951
2025-07-25,1802,37097000,Foreign_Investor,29697000
2025-07-25,1802,0,Foreign_Dealer_Self,0
2025-07-25,1802,200000,Investment_Trust,0
2025-07-25,1802,5984287,Dealer_self,1750000
2025-07-25,1802,1213704,Dealer_Hedging,412075
2025-07-28,1802,67940800,Foreign_Investor,38558200
2025-07-28,1802,0,Foreign_Dealer_Self,0
2025-07-28,1802,0,Investment_Trust,0
2025-07-28,1802,4482392,Dealer_self,6197973
2025-07-28,1802,1834271,Dealer_Hedging,814730
2025-07-29,1802,30223300,Foreign_Investor,31611030
2025-07-29,1802,0,Foreign_Dealer_Self,0
2025-07-29,1802,0,Investment_Trust,0
2025-07-29,1802,2926000,Dealer_self,3493111
2025-07-29,1802,696139,Dealer_Hedging,916388
2025-07-30,1802,25554000,Foreign_Investor,36833500
2025-07-30,1802,0,Foreign_Dealer_Self,0
2025-07-30,1802,0,Investment_Trust,1000
2025-07-30,1802,2737349,Dealer_self,2530436
2025-07-30,1802,527675,Dealer_Hedging,345862
2025-07-31,1802,34872005,Foreign_Investor,36905300
2025-07-31,1802,0,Foreign_Dealer_Self,0
2025-07-31,1802,195000,Investment_Trust,0
2025-07-31,1802,5259462,Dealer_self,3118160
2025-07-31,1802,2868212,Dealer_Hedging,438996
2025-08-01,1802,71736100,Foreign_Investor,58848000
2025-08-01,1802,0,Foreign_Dealer_Self,0
2025-08-01,1802,0,Investment_Trust,2000
2025-08-01,1802,3694238,Dealer_self,6242614
2025-08-01,1802,2261436,Dealer_Hedging,1368890
2025-08-04,1802,21705400,Foreign_Investor,28043000
2025-08-04,1802,0,Foreign_Dealer_Self,0
2025-08-04,1802,0,Investment_Trust,0
2025-08-04,1802,2641415,Dealer_self,2377587
2025-08-04,1802,610997,Dealer_Hedging,799288
2025-08-05,1802,28351400,Foreign_Investor,24077901
2025-08-05,1802,0,Foreign_Dealer_Self,0
2025-08-05,1802,495000,Investment_Trust,0
2025-08-05,1802,1275339,Dealer_self,2333947
2025-08-05,1802,213117,Dealer_Hedging,2038985
2025-08-06,1802,13286994,Foreign_Investor,15700609
2025-08-06,1802,0,Foreign_Dealer_Self,0
2025-08-06,1802,0,Investment_Trust,0
2025-08-06,1802,510000,Dealer_self,891000
2025-08-06,1802,359689,Dealer_Hedging,57752
2025-08-07,1802,14718000,Foreign_Investor,15192000
2025-08-07,1802,0,Foreign_Dealer_Self,0
2025-08-07,1802,0,Investment_Trust,2000
2025-08-07,1802,507555,Dealer_self,383413
2025-08-07,1802,137453,Dealer_Hedging,266862
2025-08-08,1802,23722156,Foreign_Investor,24760450
2025-08-08,1802,0,Foreign_Dealer_Self,0
2025-08-08,1802,0,Investment_Trust,0
2025-08-08,1802,3077596,Dealer_self,2714695
2025-08-08,1802,1639892,Dealer_Hedging,282298
2025-08-11,1802,22758201,Foreign_Investor,34861000
2025-08-11,1802,0,Foreign_Dealer_Self,0
2025-08-11,1802,0,Investment_Trust,0
2025-08-11,1802,3186598,Dealer_self,1283777
2025-08-11,1802,2026622,Dealer_Hedging,532814
2025-08-12,1802,68990400,Foreign_Investor,35429845
2025-08-12,1802,0,Foreign_Dealer_Self,0
2025-08-12,1802,0,Investment_Trust,0
2025-08-12,1802,3453885,Dealer_self,4434847
2025-08-12,1802,1873912,Dealer_Hedging,3418198
2025-08-13,1802,44832670,Foreign_Investor,56579755
2025-08-13,1802,0,Foreign_Dealer_Self,0
2025-08-13,1802,0,Investment_Trust,0
2025-08-13,1802,3735029,Dealer_self,5746596
2025-08-13,1802,996524,Dealer_Hedging,1314773
2025-08-14,1802,58139602,Foreign_Investor,73002854
2025-08-14,1802,0,Foreign_Dealer_Self,0
2025-08-14,1802,505000,Investment_Trust,0
2025-08-14,1802,4144013,Dealer_self,2470475
2025-08-14,1802,1286482,Dealer_Hedging,2429861
2025-08-15,1802,68528400,Foreign_Investor,32757655
2025-08-15,1802,0,Foreign_Dealer_Self,0
2025-08-15,1802,209000,Investment_Trust,0
2025-08-15,1802,4817174,Dealer_self,1831506
2025-08-15,1802,882035,Dealer_Hedging,226693
2025-08-18,1802,27764858,Foreign_Investor,60724350
2025-08-18,1802,0,Foreign_Dealer_Self,0
2025-08-18,1802,1052000,Investment_Trust,0
2025-08-18,1802,3367682,Dealer_self,3716298
2025-08-18,1802,861696,Dealer_Hedging,858564
2025-08-19,1802,105260183,Foreign_Investor,107448582
2025-08-19,1802,0,Foreign_Dealer_Self,0
2025-08-19,1802,382000,Investment_Trust,20000
2025-08-19,1802,1290541,Dealer_self,5566629
2025-08-19,1802,381536,Dealer_Hedging,3454317
2025-08-20,1802,12001540,Foreign_Investor,12454354
2025-08-20,1802,0,Foreign_Dealer_Self,0
2025-08-20,1802,0,Investment_Trust,658000
2025-08-20,1802,1801631,Dealer_self,115000
2025-08-20,1802,6979000,Dealer_Hedging,221691
2025-08-21,1802,10869265,Foreign_Investor,8119950
2025-08-21,1802,0,Foreign_Dealer_Self,0
2025-08-21,1802,57000,Investment_Trust,0
2025-08-21,1802,890722,Dealer_self,307999
2025-08-21,1802,1407715,Dealer_Hedging,942818
2025-08-22,1802,11520120,Foreign_Investor,2246050
2025-08-22,1802,0,Foreign_Dealer_Self,0
2025-08-22,1802,0,Investment_Trust,0
2025-08-22,1802,512000,Dealer_self,307000
2025-08-22,1802,1033875,Dealer_Hedging,926996
2025-08-25,1802,5811000,Foreign_Investor,5670000
2025-08-25,1802,0,Foreign_Dealer_Self,0
2025-08-25,1802,0,Investment_Trust,0
2025-08-25,1802,1407000,Dealer_self,161000
2025-08-25,1802,1979701,Dealer_Hedging,158000
2025-08-26,1802,2642269,Foreign_Investor,1732400
2025-08-26,1802,0,Foreign_Dealer_Self,0
2025-08-26,1802,0,Investment_Trust,0
2025-08-26,1802,419000,Dealer_self,142000
2025-08-26,1802,947757,Dealer_Hedging,596000
2025-08-27,1802,4351000,Foreign_Investor,9119826
2025-08-27,1802,0,Foreign_Dealer_Self,0
2025-08-27,1802,0,Investment_Trust,0
2025-08-27,1802,2977000,Dealer_self,993000
2025-08-27,1802,2734924,Dealer_Hedging,347455
2025-08-28,1802,3840000,Foreign_Investor,1977000
2025-08-28,1802,0,Foreign_Dealer_Self,0
2025-08-28,1802,0,Investment_Trust,9000
2025-08-28,1802,1015945,Dealer_self,515000
2025-08-28,1802,384000,Dealer_Hedging,203000
2025-08-29,1802,1403137,Foreign_Investor,1617000
2025-08-29,1802,0,Foreign_Dealer_Self,0
2025-08-29,1802,0,Investment_Trust,20000
2025-08-29,1802,1371000,Dealer_self,148000
2025-08-29,1802,1328000,Dealer_Hedging,198000
2025-09-01,1802,3371000,Foreign_Investor,4160000
2025-09-01,1802,0,Foreign_Dealer_Self,0
2025-09-01,1802,0,Investment_Trust,15000
2025-09-01,1802,13000,Dealer_self,2055000
2025-09-01,1802,438055,Dealer_Hedging,1777000
2025-09-02,1802,6251400,Foreign_Investor,15655000
2025-09-02,1802,0,Foreign_Dealer_Self,0
2025-09-02,1802,0,Investment_Trust,73000
2025-09-02,1802,641205,Dealer_self,1179150
2025-09-02,1802,583000,Dealer_Hedging,796976
2025-09-03,1802,0,Foreign_Dealer_Self,0
2025-09-03,1802,0,Investment_Trust,67000
2025-09-03,1802,255000,Dealer_self,1036000
2025-09-03,1802,732000,Dealer_Hedging,473000
2025-09-03,1802,15165000,Foreign_Investor,16505000
2025-09-04,1802,0,Foreign_Dealer_Self,0
2025-09-04,1802,0,Investment_Trust,0
2025-09-04,1802,134203,Dealer_self,445000
2025-09-04,1802,1311000,Dealer_Hedging,1331000
2025-09-04,1802,7844050,Foreign_Investor,9205695
2025-09-05,1802,30066938,Foreign_Investor,40068000
2025-09-05,1802,0,Foreign_Dealer_Self,0
2025-09-05,1802,0,Investment_Trust,1157000
2025-09-05,1802,3026294,Dealer_self,3869499
2025-09-05,1802,1176740,Dealer_Hedging,1490225
2025-09-08,1802,22320050,Foreign_Investor,22682800
2025-09-08,1802,0,Foreign_Dealer_Self,0
2025-09-08,1802,0,Investment_Trust,0
2025-09-08,1802,1863723,Dealer_self,1257980
2025-09-08,1802,204846,Dealer_Hedging,425997
2025-09-09,1802,26145350,Foreign_Investor,54203080
2025-09-09,1802,0,Foreign_Dealer_Self,0
2025-09-09,1802,144000,Investment_Trust,6000
2025-09-09,1802,3126409,Dealer_self,7845183
2025-09-09,1802,1109080,Dealer_Hedging,1844867
2025-09-10,1802,22637355,Foreign_Investor,52248298
2025-09-10,1802,0,Foreign_Dealer_Self,0
2025-09-10,1802,0,Investment_Trust,0
2025-09-10,1802,2351000,Dealer_self,2331170
2025-09-10,1802,42283,Dealer_Hedging,1422174
2025-09-11,1802,33092110,Foreign_Investor,25202844
2025-09-11,1802,0,Foreign_Dealer_Self,0
2025-09-11,1802,0,Investment_Trust,495000
2025-09-11,1802,1649604,Dealer_self,2333436
2025-09-11,1802,174235,Dealer_Hedging,2348677
2025-09-12,1802,13318825,Foreign_Investor,17717900
2025-09-12,1802,0,Foreign_Dealer_Self,0
2025-09-12,1802,0,Investment_Trust,22000
2025-09-12,1802,699000,Dealer_self,1321545
2025-09-12,1802,85418,Dealer_Hedging,1321251
2025-09-15,1802,18571000,Foreign_Investor,8432700
2025-09-15,1802,0,Foreign_Dealer_Self,0
2025-09-15,1802,0,Investment_Trust,0
2025-09-15,1802,1729000,Dealer_self,712861
2025-09-15,1802,134278,Dealer_Hedging,1681085
2025-09-16,1802,6916492,Foreign_Investor,10538000
2025-09-16,1802,0,Foreign_Dealer_Self,0
2025-09-16,1802,79000,Investment_Trust,0
2025-09-16,1802,365000,Dealer_self,755572
2025-09-16,1802,218248,Dealer_Hedging,74045
2025-09-17,1802,9567000,Foreign_Investor,5875363
2025-09-17,1802,0,Foreign_Dealer_Self,0
2025-09-17,1802,118000,Investment_Trust,0
2025-09-17,1802,105000,Dealer_self,63169
2025-09-17,1802,241034,Dealer_Hedging,947150
2025-09-18,1802,6616257,Foreign_Investor,10255200
2025-09-18,1802,0,Foreign_Dealer_Self,0
2025-09-18,1802,0,Investment_Trust,0
2025-09-18,1802,1057000,Dealer_self,710754
2025-09-18,1802,219754,Dealer_Hedging,349822
2025-09-19,1802,0,Foreign_Dealer_Self,0
2025-09-19,1802,273000,Investment_Trust,0
2025-09-19,1802,3061497,Dealer_self,2799651
2025-09-19,1802,1986369,Dealer_Hedging,398117
2025-09-19,1802,23148600,Foreign_Investor,23874600
2025-09-22,1802,8071030,Foreign_Investor,9188000
2025-09-22,1802,0,Foreign_Dealer_Self,0
2025-09-22,1802,0,Investment_Trust,0
2025-09-22,1802,1288000,Dealer_self,775498
2025-09-22,1802,761424,Dealer_Hedging,985853
2025-09-23,1802,5897000,Foreign_Investor,17447070
2025-09-23,1802,0,Foreign_Dealer_Self,0
2025-09-23,1802,0,Investment_Trust,0
2025-09-23,1802,250000,Dealer_self,1650367
2025-09-23,1802,232783,Dealer_Hedging,755919
2025-09-24,1802,13094000,Foreign_Investor,8438000
2025-09-24,1802,0,Foreign_Dealer_Self,0
2025-09-24,1802,0,Investment_Trust,0
2025-09-24,1802,847000,Dealer_self,403000
2025-09-24,1802,931114,Dealer_Hedging,393931
2025-09-25,1802,39504416,Foreign_Investor,36483160
2025-09-25,1802,0,Foreign_Dealer_Self,0
2025-09-25,1802,45000,Investment_Trust,0
2025-09-25,1802,1933272,Dealer_self,2111462
2025-09-25,1802,2874450,Dealer_Hedging,2182287
2025-09-26,1802,28140225,Foreign_Investor,35551035
2025-09-26,1802,0,Foreign_Dealer_Self,0
2025-09-26,1802,0,Investment_Trust,0
2025-09-26,1802,1152000,Dealer_self,2475881
2025-09-26,1802,453137,Dealer_Hedging,1741629
2025-09-30,1802,0,Foreign_Dealer_Self,0
2025-09-30,1802,0,Investment_Trust,0
2025-09-30,1802,1141000,Dealer_self,493538
2025-09-30,1802,1647704,Dealer_Hedging,135094
2025-09-30,1802,20036871,Foreign_Investor,11633236
2025-10-01,1802,25061871,Foreign_Investor,39846080
2025-10-01,1802,0,Foreign_Dealer_Self,0
2025-10-01,1802,234000,Investment_Trust,0
2025-10-01,1802,2222597,Dealer_self,1267430
2025-10-01,1802,3633758,Dealer_Hedging,1551213
2025-10-02,1802,17104000,Foreign_Investor,16791000
2025-10-02,1802,0,Foreign_Dealer_Self,0
2025-10-02,1802,318000,Investment_Trust,0
2025-10-02,1802,887000,Dealer_self,518737
2025-10-02,1802,1306392,Dealer_Hedging,1108079
2025-10-03,1802,15281000,Foreign_Investor,8828000
2025-10-03,1802,0,Foreign_Dealer_Self,0
2025-10-03,1802,3000,Investment_Trust,323000
2025-10-03,1802,810000,Dealer_self,617161
2025-10-03,1802,1424980,Dealer_Hedging,1571219
2025-10-07,1802,49509000,Foreign_Investor,16082000
2025-10-07,1802,0,Foreign_Dealer_Self,0
2025-10-07,1802,0,Investment_Trust,0
2025-10-07,1802,2509570,Dealer_self,1580724
2025-10-07,1802,6688125,Dealer_Hedging,1142999
2025-10-08,1802,54593433,Foreign_Investor,73905100
2025-10-08,1802,0,Foreign_Dealer_Self,0
2025-10-08,1802,3291000,Investment_Trust,0
2025-10-08,1802,2597363,Dealer_self,2442548
2025-10-08,1802,3068334,Dealer_Hedging,2896885
2025-10-09,1802,36425158,Foreign_Investor,39786500
2025-10-09,1802,0,Foreign_Dealer_Self,0
2025-10-09,1802,1395000,Investment_Trust,0
2025-10-09,1802,1862000,Dealer_self,1918572
2025-10-09,1802,890581,Dealer_Hedging,6250216
2025-10-13,1802,23158630,Foreign_Investor,27694000
2025-10-13,1802,0,Foreign_Dealer_Self,0
2025-10-13,1802,13000,Investment_Trust,175000
2025-10-13,1802,1387229,Dealer_self,2108390
2025-10-13,1802,419305,Dealer_Hedging,1308360
2025-10-14,1802,28355222,Foreign_Investor,31572663
2025-10-14,1802,0,Foreign_Dealer_Self,0
2025-10-14,1802,22000,Investment_Trust,305000
2025-10-14,1802,679084,Dealer_self,2791267
2025-10-14,1802,385690,Dealer_Hedging,2826462
2025-10-15,1802,11931383,Foreign_Investor,11793200
2025-10-15,1802,0,Foreign_Dealer_Self,0
2025-10-15,1802,19000,Investment_Trust,0
2025-10-15,1802,460000,Dealer_self,380000
2025-10-15,1802,617633,Dealer_Hedging,371321
2025-10-16,1802,10419000,Foreign_Investor,10837000
2025-10-16,1802,0,Foreign_Dealer_Self,0
2025-10-16,1802,242000,Investment_Trust,0
2025-10-16,1802,284000,Dealer_self,596000
2025-10-16,1802,196335,Dealer_Hedging,735280
2025-10-17,1802,7746050,Foreign_Investor,8968000
2025-10-17,1802,0,Foreign_Dealer_Self,0
2025-10-17,1802,7000,Investment_Trust,300000
2025-10-17,1802,376000,Dealer_self,452000
2025-10-17,1802,136000,Dealer_Hedging,549079
2025-10-20,1802,7036000,Foreign_Investor,11209000
2025-10-20,1802,0,Foreign_Dealer_Self,0
2025-10-20,1802,2000,Investment_Trust,0
2025-10-20,1802,767000,Dealer_self,423000
2025-10-20,1802,158231,Dealer_Hedging,550784
2025-10-21,1802,11024000,Foreign_Investor,9926000
2025-10-21,1802,0,Foreign_Dealer_Self,0
2025-10-21,1802,0,Investment_Trust,0
2025-10-21,1802,1369463,Dealer_self,806000
2025-10-21,1802,826399,Dealer_Hedging,119566
2025-10-22,1802,4473050,Foreign_Investor,12139000
2025-10-22,1802,0,Foreign_Dealer_Self,0
2025-10-22,1802,0,Investment_Trust,0
2025-10-22,1802,291000,Dealer_self,760000
2025-10-22,1802,275275,Dealer_Hedging,615713
2025-10-23,1802,8372827,Foreign_Investor,4398000
2025-10-23,1802,0,Foreign_Dealer_Self,0
2025-10-23,1802,0,Investment_Trust,0
2025-10-23,1802,438000,Dealer_self,490000
2025-10-23,1802,86000,Dealer_Hedging,621863
2025-10-27,1802,10045000,Foreign_Investor,6109500
2025-10-27,1802,0,Foreign_Dealer_Self,0
2025-10-27,1802,0,Investment_Trust,146
2025-10-27,1802,814056,Dealer_self,910000
2025-10-27,1802,559334,Dealer_Hedging,226493
2025-10-28,1802,11657241,Foreign_Investor,14220000
2025-10-28,1802,0,Foreign_Dealer_Self,0
2025-10-28,1802,0,Investment_Trust,735000
2025-10-28,1802,975102,Dealer_self,225000
2025-10-28,1802,1950516,Dealer_Hedging,549901
2025-10-29,1802,5345000,Foreign_Investor,20055000
2025-10-29,1802,0,Foreign_Dealer_Self,0
2025-10-29,1802,0,Investment_Trust,0
2025-10-29,1802,373000,Dealer_self,810793
2025-10-29,1802,220945,Dealer_Hedging,735707
2025-10-30,1802,13385050,Foreign_Investor,7501761
2025-10-30,1802,0,Foreign_Dealer_Self,0
2025-10-30,1802,0,Investment_Trust,31000
2025-10-30,1802,606000,Dealer_self,585000
2025-10-30,1802,475621,Dealer_Hedging,1138450
2025-10-31,1802,26756200,Foreign_Investor,22449180
2025-10-31,1802,0,Foreign_Dealer_Self,0
2025-10-31,1802,140000,Investment_Trust,0
2025-10-31,1802,1043000,Dealer_self,964043
2025-10-31,1802,1579446,Dealer_Hedging,1108169
2025-11-03,1802,19503000,Foreign_Investor,11727088
2025-11-03,1802,0,Foreign_Dealer_Self,0
2025-11-03,1802,0,Investment_Trust,680000
2025-11-03,1802,1562085,Dealer_self,900831
2025-11-03,1802,1175993,Dealer_Hedging,494168
2025-11-04,1802,14482000,Foreign_Investor,22167000
2025-11-04,1802,0,Foreign_Dealer_Self,0
2025-11-04,1802,0,Investment_Trust,99000
2025-11-04,1802,1141000,Dealer_self,1215543
2025-11-04,1802,911262,Dealer_Hedging,1527387
2025-11-05,1802,18086000,Foreign_Investor,16027000
2025-11-05,1802,0,Foreign_Dealer_Self,0
2025-11-05,1802,0,Investment_Trust,0
2025-11-05,1802,1573450,Dealer_self,966378
2025-11-05,1802,1470649,Dealer_Hedging,736740
2025-11-06,1802,38053000,Foreign_Investor,25329000
2025-11-06,1802,0,Foreign_Dealer_Self,0
2025-11-06,1802,70000,Investment_Trust,0
2025-11-06,1802,2085765,Dealer_self,1751450
2025-11-06,1802,3214391,Dealer_Hedging,1797365
2025-11-07,1802,13012200,Foreign_Investor,29089000
2025-11-07,1802,0,Foreign_Dealer_Self,0
2025-11-07,1802,0,Investment_Trust,1600000
2025-11-07,1802,1216000,Dealer_self,940005
2025-11-07,1802,1221774,Dealer_Hedging,1991835
2025-11-10,1802,13903000,Foreign_Investor,6918000
2025-11-10,1802,0,Foreign_Dealer_Self,0
2025-11-10,1802,0,Investment_Trust,1600000
2025-11-10,1802,695341,Dealer_self,767420
2025-11-10,1802,562937,Dealer_Hedging,599148
2025-11-11,1802,43977000,Foreign_Investor,38867654
2025-11-11,1802,0,Foreign_Dealer_Self,0
2025-11-11,1802,620000,Investment_Trust,0
2025-11-11,1802,2988657,Dealer_self,1855025
2025-11-11,1802,6655954,Dealer_Hedging,1471047
2025-11-12,1802,41178610,Foreign_Investor,44158663
2025-11-12,1802,0,Foreign_Dealer_Self,0
2025-11-12,1802,0,Investment_Trust,0
2025-11-12,1802,3138567,Dealer_self,1965008
2025-11-12,1802,4239503,Dealer_Hedging,4243259
2025-11-13,1802,117958133,Foreign_Investor,88840610
2025-11-13,1802,0,Foreign_Dealer_Self,0
2025-11-13,1802,1049000,Investment_Trust,0
2025-11-13,1802,6188001,Dealer_self,7361753
2025-11-13,1802,5908651,Dealer_Hedging,8412133
2025-11-14,1802,61557309,Foreign_Investor,48343810
2025-11-14,1802,0,Foreign_Dealer_Self,0
2025-11-14,1802,0,Investment_Trust,0
2025-11-14,1802,1875113,Dealer_self,2369795
2025-11-14,1802,2139741,Dealer_Hedging,4384127
2025-11-17,1802,43334322,Foreign_Investor,53731329
2025-11-17,1802,0,Foreign_Dealer_Self,0
2025-11-17,1802,0,Investment_Trust,0
2025-11-17,1802,1742031,Dealer_self,2378686
2025-11-17,1802,2347466,Dealer_Hedging,2399499
2025-11-18,1802,35872000,Foreign_Investor,21586120
2025-11-18,1802,0,Foreign_Dealer_Self,0
2025-11-18,1802,0,Investment_Trust,0
2025-11-18,1802,877344,Dealer_self,1241068
2025-11-18,1802,801426,Dealer_Hedging,1287541
2025-11-19,1802,15068016,Foreign_Investor,23031000
2025-11-19,1802,0,Foreign_Dealer_Self,0
2025-11-19,1802,0,Investment_Trust,0
2025-11-19,1802,598000,Dealer_self,727318
2025-11-19,1802,1402030,Dealer_Hedging,754492
2025-11-20,1802,48693000,Foreign_Investor,40102030
2025-11-20,1802,0,Foreign_Dealer_Self,0
2025-11-20,1802,123000,Investment_Trust,8000
2025-11-20,1802,1990931,Dealer_self,1833117
2025-11-20,1802,2964317,Dealer_Hedging,3574447
2025-11-21,1802,29391042,Foreign_Investor,40640404
2025-11-21,1802,0,Foreign_Dealer_Self,0
2025-11-21,1802,55000,Investment_Trust,0
2025-11-21,1802,1693000,Dealer_self,2395666
2025-11-21,1802,388964,Dealer_Hedging,1282199
2025-11-24,1802,33299850,Foreign_Investor,37310028
2025-11-24,1802,0,Foreign_Dealer_Self,0
2025-11-24,1802,0,Investment_Trust,0
2025-11-24,1802,1277705,Dealer_self,1556208
2025-11-24,1802,570306,Dealer_Hedging,370294
2025-11-25,1802,18735030,Foreign_Investor,30316773
2025-11-25,1802,0,Foreign_Dealer_Self,0
2025-11-25,1802,0,Investment_Trust,0
2025-11-25,1802,2637218,Dealer_self,1823282
2025-11-25,1802,605117,Dealer_Hedging,531992
2025-11-26,1802,12532200,Foreign_Investor,17697015
2025-11-26,1802,0,Foreign_Dealer_Self,0
2025-11-26,1802,0,Investment_Trust,0
2025-11-26,1802,955316,Dealer_self,812297
2025-11-26,1802,140330,Dealer_Hedging,341835
2025-11-27,1802,22984960,Foreign_Investor,21697005
2025-11-27,1802,0,Foreign_Dealer_Self,0
2025-11-27,1802,0,Investment_Trust,0
2025-11-27,1802,2141197,Dealer_self,1147216
2025-11-27,1802,2165806,Dealer_Hedging,197056
2025-11-28,1802,72184180,Foreign_Investor,46953529
2025-11-28,1802,0,Foreign_Dealer_Self,0
2025-11-28,1802,6890000,Investment_Trust,0
2025-11-28,1802,5197211,Dealer_self,4306270
2025-11-28,1802,4084742,Dealer_Hedging,2466830
2025-12-01,1802,48818185,Foreign_Investor,61580185
2025-12-01,1802,0,Foreign_Dealer_Self,0
2025-12-01,1802,2353000,Investment_Trust,0
2025-12-01,1802,2821700,Dealer_self,2925615
2025-12-01,1802,1422561,Dealer_Hedging,2219784
2025-12-02,1802,80658050,Foreign_Investor,64147104
2025-12-02,1802,0,Foreign_Dealer_Self,0
2025-12-02,1802,4850000,Investment_Trust,0
2025-12-02,1802,4117580,Dealer_self,3200091
2025-12-02,1802,2225417,Dealer_Hedging,1047448
2025-12-03,1802,32637015,Foreign_Investor,70864035
2025-12-03,1802,0,Foreign_Dealer_Self,0
2025-12-03,1802,0,Investment_Trust,0
2025-12-03,1802,2385599,Dealer_self,3118588
2025-12-03,1802,271283,Dealer_Hedging,2321489
2025-12-04,1802,14746205,Foreign_Investor,27676271
2025-12-04,1802,0,Foreign_Dealer_Self,0
2025-12-04,1802,0,Investment_Trust,0
2025-12-04,1802,687000,Dealer_self,1909661
2025-12-04,1802,151690,Dealer_Hedging,1062119
2025-12-05,1802,33518000,Foreign_Investor,18176010
2025-12-05,1802,0,Foreign_Dealer_Self,0
2025-12-05,1802,0,Investment_Trust,0
2025-12-05,1802,2301844,Dealer_self,926088
2025-12-05,1802,1768017,Dealer_Hedging,74837
2025-12-08,1802,0,Foreign_Dealer_Self,0
2025-12-08,1802,0,Investment_Trust,0
2025-12-08,1802,3629509,Dealer_self,1744772
2025-12-08,1802,4933275,Dealer_Hedging,1061299
2025-12-08,1802,86412613,Foreign_Investor,50664630
2025-12-09,1802,66177400,Foreign_Investor,41609255
2025-12-09,1802,0,Foreign_Dealer_Self,0
2025-12-09,1802,0,Investment_Trust,0
2025-12-09,1802,3176774,Dealer_self,2377659
2025-12-09,1802,3890507,Dealer_Hedging,3057756
2025-12-10,1802,59156316,Foreign_Investor,99309375
2025-12-10,1802,0,Foreign_Dealer_Self,0
2025-12-10,1802,3357000,Investment_Trust,66000
2025-12-10,1802,4702085,Dealer_self,4798425
2025-12-10,1802,2388494,Dealer_Hedging,5364152
2025-12-11,1802,26043260,Foreign_Investor,39130556
2025-12-11,1802,0,Foreign_Dealer_Self,0
2025-12-11,1802,0,Investment_Trust,383000
2025-12-11,1802,1343000,Dealer_self,1909000
2025-12-11,1802,906940,Dealer_Hedging,1814326
2025-12-12,1802,11146000,Foreign_Investor,17992124
2025-12-12,1802,0,Foreign_Dealer_Self,0
2025-12-12,1802,0,Investment_Trust,1308000
2025-12-12,1802,628000,Dealer_self,1032677
2025-12-12,1802,438709,Dealer_Hedging,867983
2025-12-15,1802,11674571,Foreign_Investor,22440143
2025-12-15,1802,0,Foreign_Dealer_Self,0
2025-12-15,1802,0,Investment_Trust,100000
2025-12-15,1802,327000,Dealer_self,2177335
2025-12-15,1802,458873,Dealer_Hedging,1547140
2025-12-16,1802,17630993,Foreign_Investor,18294660
2025-12-16,1802,0,Foreign_Dealer_Self,0
2025-12-16,1802,0,Investment_Trust,0
2025-12-16,1802,329000,Dealer_self,2810334
2025-12-16,1802,408532,Dealer_Hedging,1261155
2025-12-17,1802,12698030,Foreign_Investor,17722100
2025-12-17,1802,0,Foreign_Dealer_Self,0
2025-12-17,1802,0,Investment_Trust,0
2025-12-17,1802,157327,Dealer_self,1097000
2025-12-17,1802,482789,Dealer_Hedging,1150483
2025-12-18,1802,23163000,Foreign_Investor,19408010
2025-12-18,1802,0,Foreign_Dealer_Self,0
2025-12-18,1802,0,Investment_Trust,200000
2025-12-18,1802,337383,Dealer_self,424000
2025-12-18,1802,1445797,Dealer_Hedging,1651605
2025-12-19,1802,12241205,Foreign_Investor,18176301
2025-12-19,1802,0,Foreign_Dealer_Self,0
2025-12-19,1802,1000,Investment_Trust,0
2025-12-19,1802,910000,Dealer_self,429993
2025-12-19,1802,657132,Dealer_Hedging,418974
2025-12-22,1802,17929150,Foreign_Investor,20232000
2025-12-22,1802,0,Foreign_Dealer_Self,0
2025-12-22,1802,0,Investment_Trust,0
2025-12-22,1802,847245,Dealer_self,349220
2025-12-22,1802,1085124,Dealer_Hedging,206293
2025-12-23,1802,14056003,Foreign_Investor,14419000
2025-12-23,1802,0,Foreign_Dealer_Self,0
2025-12-23,1802,0,Investment_Trust,1877000
2025-12-23,1802,1203000,Dealer_self,982254
2025-12-23,1802,760949,Dealer_Hedging,1144160
2025-12-24,1802,9128020,Foreign_Investor,16142270
2025-12-24,1802,0,Foreign_Dealer_Self,0
2025-12-24,1802,0,Investment_Trust,0
2025-12-24,1802,396000,Dealer_self,1094531
2025-12-24,1802,111083,Dealer_Hedging,684539
2025-12-26,1802,13324000,Foreign_Investor,18330000
2025-12-26,1802,0,Foreign_Dealer_Self,0
2025-12-26,1802,0,Investment_Trust,0
2025-12-26,1802,784000,Dealer_self,294498
2025-12-26,1802,467447,Dealer_Hedging,82525
2025-12-29,1802,30392059,Foreign_Investor,30696795
2025-12-29,1802,0,Foreign_Dealer_Self,0
2025-12-29,1802,0,Investment_Trust,0
2025-12-29,1802,1188215,Dealer_self,1399645
2025-12-29,1802,2462158,Dealer_Hedging,372289
2025-12-30,1802,0,Foreign_Dealer_Self,0
2025-12-30,1802,7000,Investment_Trust,2000000
2025-12-30,1802,1023000,Dealer_self,655975
2025-12-30,1802,210003,Dealer_Hedging,1590748
2025-12-30,1802,7572326,Foreign_Investor,14065320
2025-12-31,1802,3571482,Foreign_Investor,3054000
2025-12-31,1802,0,Foreign_Dealer_Self,0
2025-12-31,1802,0,Investment_Trust,0
2025-12-31,1802,233000,Dealer_self,1460102
2025-12-31,1802,14641,Dealer_Hedging,806873
2026-01-02,1802,4204744,Foreign_Investor,3462600
2026-01-02,1802,0,Foreign_Dealer_Self,0
2026-01-02,1802,0,Investment_Trust,0
2026-01-02,1802,232000,Dealer_self,285000
2026-01-02,1802,105712,Dealer_Hedging,75713
2026-01-05,1802,8156000,Foreign_Investor,8573200
2026-01-05,1802,0,Foreign_Dealer_Self,0
2026-01-05,1802,0,Investment_Trust,1536000
2026-01-05,1802,677000,Dealer_self,1212785
2026-01-05,1802,110465,Dealer_Hedging,487071
2026-01-06,1802,6385005,Foreign_Investor,5551300
2026-01-06,1802,0,Foreign_Dealer_Self,0
2026-01-06,1802,0,Investment_Trust,0
2026-01-06,1802,594000,Dealer_self,279450
2026-01-06,1802,482430,Dealer_Hedging,33166
2026-01-07,1802,23244717,Foreign_Investor,14052400
2026-01-07,1802,0,Foreign_Dealer_Self,0
2026-01-07,1802,0,Investment_Trust,900000
2026-01-07,1802,672000,Dealer_self,573080
2026-01-07,1802,2076736,Dealer_Hedging,126310
2026-01-08,1802,47882000,Foreign_Investor,46595130
2026-01-08,1802,0,Foreign_Dealer_Self,0
2026-01-08,1802,0,Investment_Trust,3356000
2026-01-08,1802,1841690,Dealer_self,1516553
2026-01-08,1802,2295627,Dealer_Hedging,2447727
2026-01-09,1802,12638203,Foreign_Investor,11740000
2026-01-09,1802,0,Foreign_Dealer_Self,0
2026-01-09,1802,0,Investment_Trust,1556000
2026-01-09,1802,575000,Dealer_self,980000
2026-01-09,1802,477434,Dealer_Hedging,1487971
2026-01-12,1802,9905400,Foreign_Investor,10965776
2026-01-12,1802,0,Foreign_Dealer_Self,0
2026-01-12,1802,0,Investment_Trust,0
2026-01-12,1802,251000,Dealer_self,334077
2026-01-12,1802,414186,Dealer_Hedging,143438
2026-01-13,1802,8137004,Foreign_Investor,11649000
2026-01-13,1802,0,Foreign_Dealer_Self,0
2026-01-13,1802,0,Investment_Trust,4150000
2026-01-13,1802,40000,Dealer_self,298211
2026-01-13,1802,91672,Dealer_Hedging,1083118
2026-01-14,1802,13374807,Foreign_Investor,8516300
2026-01-14,1802,0,Foreign_Dealer_Self,0
2026-01-14,1802,0,Investment_Trust,0
2026-01-14,1802,459119,Dealer_self,234546
2026-01-14,1802,867715,Dealer_Hedging,244860
2026-01-15,1802,71514700,Foreign_Investor,38194680
2026-01-15,1802,0,Foreign_Dealer_Self,0
2026-01-15,1802,0,Investment_Trust,0
2026-01-15,1802,1639629,Dealer_self,575219
2026-01-15,1802,2761781,Dealer_Hedging,1096513
2026-01-16,1802,27782020,Foreign_Investor,30491988
2026-01-16,1802,0,Foreign_Dealer_Self,0
2026-01-16,1802,3725000,Investment_Trust,0
2026-01-16,1802,427756,Dealer_self,591000
2026-01-16,1802,1592239,Dealer_Hedging,1377408
2026-01-19,1802,32292050,Foreign_Investor,21829000
2026-01-19,1802,0,Foreign_Dealer_Self,0
2026-01-19,1802,0,Investment_Trust,0
2026-01-19,1802,752793,Dealer_self,794000
2026-01-19,1802,767200,Dealer_Hedging,909261
2026-01-20,1802,153305468,Foreign_Investor,64975450
2026-01-20,1802,0,Foreign_Dealer_Self,0
2026-01-20,1802,0,Investment_Trust,0
2026-01-20,1802,2156965,Dealer_self,2889917
2026-01-20,1802,1986026,Dealer_Hedging,2178791
2026-01-21,1802,132255308,Foreign_Investor,115225719
2026-01-21,1802,0,Foreign_Dealer_Self,0
2026-01-21,1802,0,Investment_Trust,0
2026-01-21,1802,551416,Dealer_self,1216487
2026-01-21,1802,1263706,Dealer_Hedging,2468326
2026-01-22,1802,65381490,Foreign_Investor,105066930
2026-01-22,1802,0,Foreign_Dealer_Self,0
2026-01-22,1802,0,Investment_Trust,185000
2026-01-22,1802,678421,Dealer_self,918418
2026-01-22,1802,1314664,Dealer_Hedging,2417811
2026-01-23,1802,17933575,Foreign_Investor,2024665
2026-01-23,1802,0,Foreign_Dealer_Self,0
2026-01-23,1802,0,Investment_Trust,1800000
2026-01-23,1802,369000,Dealer_self,343000
2026-01-23,1802,1869961,Dealer_Hedging,694676
2026-01-26,1802,4693604,Foreign_Investor,1321555
2026-01-26,1802,0,Foreign_Dealer_Self,0
2026-01-26,1802,0,Investment_Trust,0
2026-01-26,1802,120000,Dealer_self,200000
2026-01-26,1802,383000,Dealer_Hedging,569705
2026-01-27,1802,1977587,Foreign_Investor,1582900
2026-01-27,1802,0,Foreign_Dealer_Self,0
2026-01-27,1802,0,Investment_Trust,0
2026-01-27,1802,3000,Dealer_self,150000
2026-01-27,1802,107000,Dealer_Hedging,447000
2026-01-28,1802,5098680,Foreign_Investor,918060
2026-01-28,1802,0,Foreign_Dealer_Self,0
2026-01-28,1802,0,Investment_Trust,0
2026-01-28,1802,138000,Dealer_self,53000
2026-01-28,1802,361000,Dealer_Hedging,189000
2026-01-29,1802,2673300,Foreign_Investor,3317932
2026-01-29,1802,0,Foreign_Dealer_Self,0
2026-01-29,1802,0,Investment_Trust,465000
2026-01-29,1802,29000,Dealer_self,691000
2026-01-29,1802,178564,Dealer_Hedging,468063
2026-01-30,1802,4970000,Foreign_Investor,5097680
2026-01-30,1802,0,Foreign_Dealer_Self,0
2026-01-30,1802,0,Investment_Trust,465000
2026-01-30,1802,209000,Dealer_self,554000
2026-01-30,1802,283763,Dealer_Hedging,347763
2026-02-02,1802,3493000,Foreign_Investor,5362860
2026-02-02,1802,0,Foreign_Dealer_Self,0
2026-02-02,1802,0,Investment_Trust,0
2026-02-02,1802,34240,Dealer_self,321240
2026-02-02,1802,147000,Dealer_Hedging,740289
2026-02-03,1802,8339000,Foreign_Investor,8017430
2026-02-03,1802,0,Foreign_Dealer_Self,0
2026-02-03,1802,0,Investment_Trust,0
2026-02-03,1802,362209,Dealer_self,35209
2026-02-03,1802,645000,Dealer_Hedging,24000
2026-02-04,1802,3265606,Foreign_Investor,5093600
2026-02-04,1802,0,Foreign_Dealer_Self,0
2026-02-04,1802,0,Investment_Trust,0
2026-02-04,1802,766000,Dealer_self,1000
2026-02-04,1802,499941,Dealer_Hedging,158000
2026-02-05,1802,1791460,Foreign_Investor,3001100
2026-02-05,1802,0,Foreign_Dealer_Self,0
2026-02-05,1802,0,Investment_Trust,0
2026-02-05,1802,204000,Dealer_self,79000
2026-02-05,1802,51760,Dealer_Hedging,462000
2026-02-06,1802,11247840,Foreign_Investor,31768000
2026-02-06,1802,0,Foreign_Dealer_Self,0
2026-02-06,1802,0,Investment_Trust,0
2026-02-06,1802,665000,Dealer_self,1116421
2026-02-06,1802,413832,Dealer_Hedging,922715
2026-02-09,1802,23923500,Foreign_Investor,45152500
2026-02-09,1802,0,Foreign_Dealer_Self,0
2026-02-09,1802,0,Investment_Trust,0
2026-02-09,1802,1569000,Dealer_self,692000
2026-02-09,1802,1118845,Dealer_Hedging,1061439
2026-02-10,1802,18509850,Foreign_Investor,17602913
2026-02-10,1802,0,Foreign_Dealer_Self,0
2026-02-10,1802,0,Investment_Trust,0
2026-02-10,1802,177000,Dealer_self,625000
2026-02-10,1802,832670,Dealer_Hedging,938196
2026-02-11,1802,15369970,Foreign_Investor,19765500
2026-02-11,1802,0,Foreign_Dealer_Self,0
2026-02-11,1802,70000,Investment_Trust,0
2026-02-11,1802,581527,Dealer_self,38401
2026-02-11,1802,1497116,Dealer_Hedging,288170
2026-02-23,1802,40061289,Foreign_Investor,29278000
2026-02-23,1802,0,Foreign_Dealer_Self,0
2026-02-23,1802,2985000,Investment_Trust,0
2026-02-23,1802,1726665,Dealer_self,656979
2026-02-23,1802,2059735,Dealer_Hedging,1329573
2026-02-24,1802,58254160,Foreign_Investor,53265623
2026-02-24,1802,0,Foreign_Dealer_Self,0
2026-02-24,1802,1117000,Investment_Trust,0
2026-02-24,1802,3144242,Dealer_self,1675213
2026-02-24,1802,2039599,Dealer_Hedging,430255
2026-02-25,1802,91214444,Foreign_Investor,65773220
2026-02-25,1802,0,Foreign_Dealer_Self,0
2026-02-25,1802,2824000,Investment_Trust,0
2026-02-25,1802,6399471,Dealer_self,3401040
2026-02-25,1802,2289211,Dealer_Hedging,1040514
2026-02-26,1802,53454309,Foreign_Investor,79546120
2026-02-26,1802,0,Foreign_Dealer_Self,0
2026-02-26,1802,0,Investment_Trust,0
2026-02-26,1802,3481052,Dealer_self,5479000
2026-02-26,1802,522345,Dealer_Hedging,2184849
2026-03-02,1802,0,Foreign_Dealer_Self,0
2026-03-02,1802,0,Investment_Trust,0
2026-03-02,1802,4432515,Dealer_self,1514039
2026-03-02,1802,2235492,Dealer_Hedging,268556
2026-03-02,1802,70413861,Foreign_Investor,45759117
2026-03-03,1802,102182214,Foreign_Investor,114246340
2026-03-03,1802,0,Foreign_Dealer_Self,0
2026-03-03,1802,348000,Investment_Trust,0
2026-03-03,1802,3784510,Dealer_self,9585306
2026-03-03,1802,1876876,Dealer_Hedging,4668471
2026-03-04,1802,3747039,Foreign_Investor,1208670
2026-03-04,1802,0,Foreign_Dealer_Self,0
2026-03-04,1802,0,Investment_Trust,0
2026-03-04,1802,625000,Dealer_self,365000
2026-03-04,1802,867000,Dealer_Hedging,354307
2026-03-05,1802,3666501,Foreign_Investor,708000
2026-03-05,1802,0,Foreign_Dealer_Self,0
2026-03-05,1802,0,Investment_Trust,0
2026-03-05,1802,170000,Dealer_self,535000
2026-03-05,1802,92000,Dealer_Hedging,534000
2026-03-06,1802,2238000,Foreign_Investor,1303726
2026-03-06,1802,0,Foreign_Dealer_Self,0
2026-03-06,1802,0,Investment_Trust,0
2026-03-06,1802,452000,Dealer_self,190000
2026-03-06,1802,274000,Dealer_Hedging,140655
2026-03-09,1802,372352,Foreign_Investor,143050
2026-03-09,1802,0,Foreign_Dealer_Self,0
2026-03-09,1802,0,Investment_Trust,0
2026-03-09,1802,91000,Dealer_self,446000
2026-03-09,1802,1000,Dealer_Hedging,90971
2026-03-10,1802,2251488,Foreign_Investor,2215000
2026-03-10,1802,0,Foreign_Dealer_Self,0
2026-03-10,1802,0,Investment_Trust,0
2026-03-10,1802,48000,Dealer_self,835000
2026-03-10,1802,498000,Dealer_Hedging,766673
2026-03-11,1802,3603292,Foreign_Investor,4111050
2026-03-11,1802,0,Foreign_Dealer_Self,0
2026-03-11,1802,0,Investment_Trust,0
2026-03-11,1802,729000,Dealer_self,147000
2026-03-11,1802,969000,Dealer_Hedging,7999
2026-03-12,1802,1984048,Foreign_Investor,2544128
2026-03-12,1802,0,Foreign_Dealer_Self,0
2026-03-12,1802,0,Investment_Trust,151000
2026-03-12,1802,134249,Dealer_self,790249
2026-03-12,1802,216640,Dealer_Hedging,454999
2026-03-13,1802,2238000,Foreign_Investor,2587790
2026-03-13,1802,0,Foreign_Dealer_Self,0
2026-03-13,1802,0,Investment_Trust,5000
2026-03-13,1802,125000,Dealer_self,342000
2026-03-13,1802,100549,Dealer_Hedging,58999
2026-03-16,1802,2211100,Foreign_Investor,2756000
2026-03-16,1802,0,Foreign_Dealer_Self,0
2026-03-16,1802,0,Investment_Trust,0
2026-03-16,1802,188000,Dealer_self,227000
2026-03-16,1802,467919,Dealer_Hedging,132024
2026-03-17,1802,2612000,Foreign_Investor,3137040
2026-03-17,1802,0,Foreign_Dealer_Self,0
2026-03-17,1802,0,Investment_Trust,0
2026-03-17,1802,236000,Dealer_self,90000
2026-03-17,1802,754340,Dealer_Hedging,1247000
2026-03-18,1802,23390044,Foreign_Investor,61802130
2026-03-18,1802,0,Foreign_Dealer_Self,0
2026-03-18,1802,10000,Investment_Trust,0
2026-03-18,1802,2020374,Dealer_self,558329
2026-03-18,1802,1553590,Dealer_Hedging,1122327
2026-03-19,1802,12236750,Foreign_Investor,36504301
2026-03-19,1802,0,Foreign_Dealer_Self,0
2026-03-19,1802,3000,Investment_Trust,0
2026-03-19,1802,1336000,Dealer_self,411374
2026-03-19,1802,499301,Dealer_Hedging,808460
2026-03-20,1802,18369495,Foreign_Investor,34564422
2026-03-20,1802,0,Foreign_Dealer_Self,0
2026-03-20,1802,4119,Investment_Trust,4637000
2026-03-20,1802,375000,Dealer_self,985000
2026-03-20,1802,582635,Dealer_Hedging,1378694
2026-03-23,1802,21648488,Foreign_Investor,31889350
2026-03-23,1802,0,Foreign_Dealer_Self,0
2026-03-23,1802,0,Investment_Trust,6117000
2026-03-23,1802,410000,Dealer_self,544000
2026-03-23,1802,520000,Dealer_Hedging,702361
2026-03-24,1802,22818800,Foreign_Investor,22756000
2026-03-24,1802,0,Foreign_Dealer_Self,0
2026-03-24,1802,34000,Investment_Trust,230000
2026-03-24,1802,168000,Dealer_self,583000
2026-03-24,1802,283365,Dealer_Hedging,829817
2026-03-25,1802,22624460,Foreign_Investor,31564825
2026-03-25,1802,0,Foreign_Dealer_Self,0
2026-03-25,1802,0,Investment_Trust,95000
2026-03-25,1802,794000,Dealer_self,276000
2026-03-25,1802,589115,Dealer_Hedging,237383
2026-03-26,1802,16505864,Foreign_Investor,19573000
2026-03-26,1802,0,Foreign_Dealer_Self,0
2026-03-26,1802,0,Investment_Trust,0
2026-03-26,1802,1507000,Dealer_self,1262000
2026-03-26,1802,406575,Dealer_Hedging,440424
2026-03-27,1802,15683000,Foreign_Investor,13401795
2026-03-27,1802,0,Foreign_Dealer_Self,0
2026-03-27,1802,56000,Investment_Trust,0
2026-03-27,1802,19000,Dealer_self,367002
2026-03-27,1802,2208755,Dealer_Hedging,333191
2026-03-30,1802,10454000,Foreign_Investor,10394000
2026-03-30,1802,0,Foreign_Dealer_Self,0
2026-03-30,1802,5000,Investment_Trust,0
2026-03-30,1802,93000,Dealer_self,316385
2026-03-30,1802,239000,Dealer_Hedging,222051
2026-03-31,1802,16801500,Foreign_Investor,21129600
2026-03-31,1802,0,Foreign_Dealer_Self,0
2026-03-31,1802,0,Investment_Trust,0
2026-03-31,1802,239000,Dealer_self,358002
2026-03-31,1802,238181,Dealer_Hedging,771914
2026-04-01,1802,0,Foreign_Dealer_Self,0
2026-04-01,1802,0,Investment_Trust,0
2026-04-01,1802,204000,Dealer_self,391000
2026-04-01,1802,241943,Dealer_Hedging,199600
2026-04-01,1802,16136500,Foreign_Investor,11687000
2026-04-02,1802,10603400,Foreign_Investor,13865220
2026-04-02,1802,0,Foreign_Dealer_Self,0
2026-04-02,1802,0,Investment_Trust,0
2026-04-02,1802,440000,Dealer_self,489244
2026-04-02,1802,55138,Dealer_Hedging,407050
2026-04-07,1802,13508130,Foreign_Investor,6285000
2026-04-07,1802,0,Foreign_Dealer_Self,0
2026-04-07,1802,0,Investment_Trust,0
2026-04-07,1802,693224,Dealer_self,206000
2026-04-07,1802,372512,Dealer_Hedging,116786
2026-04-08,1802,11659350,Foreign_Investor,5512515
2026-04-08,1802,0,Foreign_Dealer_Self,0
2026-04-08,1802,0,Investment_Trust,0
2026-04-08,1802,1534936,Dealer_self,14000
2026-04-08,1802,657530,Dealer_Hedging,81000
2026-04-09,1802,57420774,Foreign_Investor,50785273
2026-04-09,1802,0,Foreign_Dealer_Self,0
2026-04-09,1802,2000,Investment_Trust,0
2026-04-09,1802,4662038,Dealer_self,1659843
2026-04-09,1802,3326729,Dealer_Hedging,1639242
2026-04-10,1802,10140886,Foreign_Investor,28843000
2026-04-10,1802,0,Foreign_Dealer_Self,0
2026-04-10,1802,0,Investment_Trust,0
2026-04-10,1802,633020,Dealer_self,1447222
2026-04-10,1802,366392,Dealer_Hedging,1536697
2026-04-13,1802,33470320,Foreign_Investor,12921890
2026-04-13,1802,0,Foreign_Dealer_Self,0
2026-04-13,1802,0,Investment_Trust,0
2026-04-13,1802,1896719,Dealer_self,728866
2026-04-13,1802,1133971,Dealer_Hedging,104672
2026-04-14,1802,109799910,Foreign_Investor,51526128
2026-04-14,1802,0,Foreign_Dealer_Self,0
2026-04-14,1802,22000,Investment_Trust,0
2026-04-14,1802,1767626,Dealer_self,843405
2026-04-14,1802,1991370,Dealer_Hedging,555331
2026-04-15,1802,101382181,Foreign_Investor,73418625
2026-04-15,1802,0,Foreign_Dealer_Self,0
2026-04-15,1802,0,Investment_Trust,0
2026-04-15,1802,489723,Dealer_self,1511200
2026-04-15,1802,900979,Dealer_Hedging,2129471
2026-04-16,1802,70994509,Foreign_Investor,74585637
2026-04-16,1802,0,Foreign_Dealer_Self,0
2026-04-16,1802,4000,Investment_Trust,8000
2026-04-16,1802,2344874,Dealer_self,2368872
2026-04-16,1802,376724,Dealer_Hedging,715843
2026-04-17,1802,113748623,Foreign_Investor,87335600
2026-04-17,1802,0,Foreign_Dealer_Self,0
2026-04-17,1802,0,Investment_Trust,0
2026-04-17,1802,4741692,Dealer_self,5443186
2026-04-17,1802,1207819,Dealer_Hedging,1038506
2026-04-20,1802,46511698,Foreign_Investor,109216272
2026-04-20,1802,0,Foreign_Dealer_Self,0
2026-04-20,1802,0,Investment_Trust,0
2026-04-20,1802,3387387,Dealer_self,4177170
2026-04-20,1802,715342,Dealer_Hedging,1181918
2026-04-21,1802,76398943,Foreign_Investor,39780599
2026-04-21,1802,0,Foreign_Dealer_Self,0
2026-04-21,1802,0,Investment_Trust,0
2026-04-21,1802,2494671,Dealer_self,1697186
2026-04-21,1802,523259,Dealer_Hedging,350792
2026-04-22,1802,39887590,Foreign_Investor,74963310
2026-04-22,1802,0,Foreign_Dealer_Self,0
2026-04-22,1802,0,Investment_Trust,0
2026-04-22,1802,1308636,Dealer_self,2771023
2026-04-22,1802,455596,Dealer_Hedging,813721
2026-04-23,1802,53900111,Foreign_Investor,43472862
2026-04-23,1802,0,Foreign_Dealer_Self,0
2026-04-23,1802,0,Investment_Trust,118000
2026-04-23,1802,433639,Dealer_self,6494275
2026-04-23,1802,589649,Dealer_Hedging,1233587
2026-04-24,1802,27484876,Foreign_Investor,45892300
2026-04-24,1802,0,Foreign_Dealer_Self,0
2026-04-24,1802,0,Investment_Trust,0
2026-04-24,1802,720000,Dealer_self,1842124
2026-04-24,1802,441214,Dealer_Hedging,677435
2026-04-27,1802,30428610,Foreign_Investor,32968969
2026-04-27,1802,0,Foreign_Dealer_Self,0
2026-04-27,1802,0,Investment_Trust,0
2026-04-27,1802,713883,Dealer_self,851688
2026-04-27,1802,319724,Dealer_Hedging,155224
2026-04-28,1802,34412200,Foreign_Investor,32679360
2026-04-28,1802,0,Foreign_Dealer_Self,0
2026-04-28,1802,0,Investment_Trust,0
2026-04-28,1802,1575824,Dealer_self,1190588
2026-04-28,1802,644835,Dealer_Hedging,38494
2026-04-29,1802,24495495,Foreign_Investor,53925560
2026-04-29,1802,0,Foreign_Dealer_Self,0
2026-04-29,1802,0,Investment_Trust,0
2026-04-29,1802,418304,Dealer_self,1744624
2026-04-29,1802,691319,Dealer_Hedging,747650
2026-04-30,1802,42755827,Foreign_Investor,32680932
2026-04-30,1802,0,Foreign_Dealer_Self,0
2026-04-30,1802,0,Investment_Trust,0
2026-04-30,1802,497931,Dealer_self,785859
2026-04-30,1802,349059,Dealer_Hedging,307483
2026-05-04,1802,11690222,Foreign_Investor,34884000
2026-05-04,1802,0,Foreign_Dealer_Self,0
2026-05-04,1802,0,Investment_Trust,0
2026-05-04,1802,22000,Dealer_self,762000
2026-05-04,1802,529460,Dealer_Hedging,732360
2026-05-05,1802,42635530,Foreign_Investor,21031089
2026-05-05,1802,0,Foreign_Dealer_Self,0
2026-05-05,1802,0,Investment_Trust,0
2026-05-05,1802,3419316,Dealer_self,172795
2026-05-05,1802,1180325,Dealer_Hedging,220905
2026-05-06,1802,74036221,Foreign_Investor,70235997
2026-05-06,1802,0,Foreign_Dealer_Self,0
2026-05-06,1802,0,Investment_Trust,0
2026-05-06,1802,802000,Dealer_self,5248996
2026-05-06,1802,795959,Dealer_Hedging,1435020
2026-05-07,1802,43815812,Foreign_Investor,38968010
2026-05-07,1802,0,Foreign_Dealer_Self,0
2026-05-07,1802,0,Investment_Trust,0
2026-05-07,1802,1760000,Dealer_self,993597
2026-05-07,1802,512415,Dealer_Hedging,459849
2026-05-08,1802,20257835,Foreign_Investor,30496664
2026-05-08,1802,0,Foreign_Dealer_Self,0
2026-05-08,1802,0,Investment_Trust,0
2026-05-08,1802,361000,Dealer_self,1620000
2026-05-08,1802,430166,Dealer_Hedging,647930
